1	1	0	68	60	396.30664	40.97193629999674	40.96911779999937	0.0049807	0.0028185	0	0.060688	0.04918	0.30552	0.43087	15.28987	71	4.08	77	0.02664	0.07093	0.64585	0.44411	16.5262	71	4.25	77	0.0	0	0.0	0	0.0	0	0.0	0
1	1	0	71	60	396.323	40.99187900000106	40.98548209999717	0.0049552	0.0063969	0	0.060688	0.04918	0.30573	0.43067	15.24688	71	4.04	77	0.02664	0.07093	0.64578	0.4443	16.53061	71	4.24	77	0.0	0	0.0	0	0.0	0	0.0	0
1	1	0	72	60	396.33936	41.00686929999938	41.001822999998694	0.0050329	0.0050463	0	-0.125616	0.11374	0.30098	0.4301	16.19974	71	4.11	77	-0.063536	0.19543	0.64042	0.44234	16.82443	71	4.39	77	0.0	0	0.0	0	0.0	0	0.0	0
1	1	0	73	60	396.35593	41.021817199994985	41.01840269999957	0.0050056	0.0034145	0	-0.192064	0.25936	0.2984	0.43032	16.53309	71	4.12	77	-0.161456	0.17768	0.63651	0.44132	16.86571	71	4.45	77	0.0	0	0.0	0	0.0	0	0.0	0
1	1	0	74	60	396.37238	41.036789499994484	41.03485409999848	0.005016	0.0019354	0	-0.195312	0.26957	0.29806	0.43004	15.92158	71	4.2	77	-0.161456	0.17764	0.63652	0.44093	16.9858	71	4.5	77	0.0	0	0.0	0	0.0	0	0.0	0
1	1	0	75	60	396.38873	41.05772810000053	41.05121810000128	0.0049346	0.00651	0	-0.264464	0.28852	0.29574	0.4312	16.00722	71	4.13	77	-0.249744	0.17561	0.63417	0.44244	17.5176	71	4.48	77	0.0	0	0.0	0	0.0	0	0.0	0
1	1	0	77	60	396.40518	41.072628399997484	41.06763819999469	0.0049514	0.0049902	0	-0.234128	0.26296	0.29528	0.43244	15.97776	71	4.29	77	-0.312272	0.22435	0.63341	0.44275	17.41167	71	4.48	77	0.0	0	0.0	0	0.0	0	0.0	0
1	1	0	78	60	396.4216	41.08764739999606	41.08406919999834	0.0049732	0.0035782	0	-0.230384	0.25255	0.29515	0.43264	16.21105	71	4.27	77	-0.312272	0.22435	0.63355	0.44254	17.10337	71	4.51	77	0.0	0	0.0	0	0.0	0	0.0	0
1	1	0	79	60	396.43805	41.10754669999733	41.10051089999615	0.0050301002	0.0070358	0	-0.271504	0.27881	0.2933	0.43142	16.46646	71	4.12	77	-0.232032	0.23879	0.63149	0.44128	17.21177	71	4.51	77	0.0	0	0.0	0	0.0	0	0.0	0
1	1	0	80	60	396.4545	41.122519399999874	41.11695570000302	0.0046363	0.0055637	0	-0.257984	0.23382	0.29202	0.43059	16.43969	71	4.2	77	-0.230208	0.22807	0.63057	0.43977	17.44606	71	4.55	77	0.0	0	0.0	0	0.0	0	0.0	0
1	1	0	81	60	396.47095	41.13757059999625	41.133425799998804	0.0050692	0.0041448	0	-0.258	0.23387	0.29213	0.4303	16.07413	71	4.37	77	-0.228896	0.21854	0.6305	0.4395	17.52357	71	4.5	77	0.0	0	0.0	0	0.0	0	0.0	0
1	1	0	82	60	396.48727	41.152644099995086	41.14975179999601	0.0052213	0.0028923	0	-0.253984	0.22385	0.28936	0.42836	16.30913	71	4.27	77	-0.238928	0.14878	0.6277	0.43628	17.51507	71	4.5	77	0.0	0	0.0	0	0.0	0	0.0	0
1	1	0	83	60	396.50363	41.17238749999524	41.16609069999686	0.0050291	0.0062968	0	-0.34856	0.28975	0.28708	0.42741	16.51871	71	4.31	77	-0.307264	0.14358	0.62561	0.43437	18.07245	71	4.59	77	0.0	0	0.0	0	0.0	0	0.0	0
1	1	0	84	60	396.52017	41.18737909999618	41.182635799996206	0.0050368	0.0047433	0	-0.338288	0.26765	0.28691	0.42668	16.59665	71	4.13	77	-0.30504	0.1345	0.62543	0.43374	17.91274	71	4.64	77	0.0	0	0.0	0	0.0	0	0.0	0
1	1	0	89	60	396.53662	41.20731900000101	41.19909219999681	0.0050221	0.0082268	0	-0.338608	0.29909	0.28317	0.42512	16.07223	71	4.54	77	-0.365968	0.25816	0.62074	0.43029	17.69158	71	4.59	77	0.0	0	0.0	0	0.0	0	0.0	0
1	1	0	90	60	396.55298	41.222284199997375	41.21545949999563	0.0050095	0.0068247	0	-0.313328	0.28608	0.28163	0.42421	16.28467	71	4.37	77	-0.358864	0.23121	0.61948	0.4291	17.88384	71	4.52	77	0.0	0	0.0	0	0.0	0	0.0	0
1	1	0	91	60	396.56943	41.237252799997805	41.23189170000114	0.0047325	0.0053611	0	-0.322896	0.30836	0.28181	0.42389	15.77149	71	4.43	77	-0.36152	0.24124	0.61927	0.42857	17.89758	71	4.52	77	0.0	0	0.0	0	0.0	0	0.0	0
1	1	0	92	60	396.58585	41.2522409000012	41.248308500005805	0.0050645	0.0039324	0	-0.378736	0.3251	0.27991	0.42148	15.9532	71	4.36	77	-0.387104	0.20813	0.61763	0.42592	17.8104	71	4.61	77	0.0	0	0.0	0	0.0	0	0.0	0
1	1	0	93	60	396.60229	41.27211649999663	41.264778499993554	0.004938	0.007338	0	-0.375728	0.35872	0.27928	0.42106	16.15356	71	4.53	77	-0.325136	0.27412	0.61733	0.42443	17.6381	71	4.56	77	0.0	0	0.0	0	0.0	0	0.0	0
1	1	0	94	60	396.61871	41.2871565999958	41.28118639999593	0.0049823	0.0059702	0	-0.370448	0.34712	0.27953	0.42041	16.04333	71	4.31	77	-0.325136	0.27412	0.61711	0.4236	17.54223	71	4.44	77	0.0	0	0.0	0	0.0	0	0.0	0
1	1	0	95	60	396.63513	41.30200849999528	41.29760689999239	0.0049072998	0.0044016	0	-0.352	0.29515	0.27885	0.41833	15.78954	71	4.27	77	-0.365792	0.27556	0.61684	0.42226	17.56018	71	4.47	77	0.0	0	0.0	0	0.0	0	0.0	0
1	1	0	96	60	396.65158	41.31697229999554	41.31404489999113	0.0049367	0.0029274	0	-0.366288	0.28044	0.27858	0.41779	15.90157	71	4.44	77	-0.36288	0.29541	0.6168	0.42177	17.5647	71	4.44	77	0.0	0	0.0	0	0.0	0	0.0	0
1	1	0	97	60	396.66806	41.33707859999413	41.330536999994365	0.0051197	0.0065416	0	-0.366304	0.28049	0.27871	0.41779	16.11271	71	4.41	77	-0.360272	0.28475	0.6167	0.42151	17.43975	71	4.4	77	0.0	0	0.0	0	0.0	0	0.0	0
1	1	0	98	60	396.68445	41.352867499997956	41.34690920000139	0.005935	0.0059583	0	-0.32416	0.2684	0.2793	0.4179	15.4649	71	4.24	77	-0.33688	0.27142	0.61753	0.42124	17.0288	71	4.3	77	0.0	0	0.0	0	0.0	0	0.0	0
1	1	0	99	60	396.70093	41.36784039999475	41.36341139999422	0.0049505	0.004429	0	-0.139344	0.29731	0.28477	0.41835	16.32602	71	4.22	77	-0.113648	0.28213	0.62311	0.42202	16.771	71	4.26	77	0.0	0	0.0	0	0.0	0	0.0	0
1	1	0	100	60	396.71722	41.38787759999832	41.379706499996246	0.0050329	0.0081711	0	-0.139328	0.29726	0.28485	0.41809	16.26595	71	4.27	77	-0.11384	0.29302	0.62316	0.42184	16.25377	71	4.24	77	0.0	0	0.0	0	0.0	0	0.0	0
1	1	0	101	60	396.73373	41.40280569999595	41.396204299999226	0.0050497	0.0066014	0	0.289104	0.37544	0.2973	0.41794	16.36528	71	4.27	77	0.331136	0.36417	0.63401	0.42488	15.64052	71	4.49	77	0.0	0	0.0	0	0.0	0	0.0	0
1	1	0	102	60	396.75015	41.41773999999714	41.412638299996615	0.0050244	0.0051017	0	0.34472	0.35374	0.29812	0.41794	16.26476	71	4.24	77	0.287424	0.38928	0.63444	0.42394	15.62235	71	4.2	77	0.0	0	0.0	0	0.0	0	0.0	0
1	1	0	103	60	396.76657	41.432699799996044	41.42905759999121	0.0049738	0.0036422	0	0.34952	0.37722	0.29779	0.4189	16.27124	71	4.52	77	0.2944	0.41231	0.63467	0.424	16.16522	71	4.54	77	0.0	0	0.0	0	0.0	0	0.0	0
1	1	0	104	60	396.78305	41.44862740000099	41.44550650000019	0.0059309	0.0031209	0	0.331568	0.44705	0.29856	0.41767	16.09388	71	4.3	77	0.34536	0.41625	0.63549	0.42482	15.77148	71	4.41	77	0.0	0	0.0	0	0.0	0	0.0	0
1	1	0	105	60	396.7995	41.46860419999575	41.461972599994624	0.0049585	0.0066316	0	0.313328	0.38701	0.29879	0.41815	15.98541	71	4.3	77	0.307488	0.41949	0.63614	0.42362	15.22283	71	4.56	77	0.0	0	0.0	0	0.0	0	0.0	0
1	1	0	106	60	396.81583	41.483565599999565	41.47829970000021	0.0049877	0.0052659	0	0.313328	0.38701	0.29866	0.41796	16.21356	71	4.28	77	0.303904	0.40786	0.63632	0.42333	15.15554	71	4.47	77	0.0	0	0.0	0	0.0	0	0.0	0
1	1	0	107	60	396.83234	41.49852679999458	41.494796699997096	0.0049487	0.0037301	0	0.353216	0.40296	0.29941	0.41765	15.59967	71	4.47	77	0.32512	0.40146	0.63695	0.4245	15.17837	71	4.41	77	0.0	0	0.0	0	0.0	0	0.0	0
1	1	0	108	60	396.84875	41.51448569999775	41.51121449999482	0.004979	0.0032712	0	0.328528	0.36437	0.29996	0.4181	15.82635	71	4.38	77	0.295936	0.36468	0.63739	0.42529	14.67726	71	4.52	77	0.0	0	0.0	0	0.0	0	0.0	0
1	1	0	113	60	396.86517	41.5344397000008	41.527655000005325	0.0049967	0.0067847	0	0.324128	0.34093	0.30011	0.41763	15.77029	71	4.26	77	0.292272	0.35334	0.63737	0.42517	14.70441	71	4.49	77	0.0	0	0.0	0	0.0	0	0.0	0
1	1	0	114	60	396.88147	41.549388200000976	41.54395079999813	0.0049828	0.0054374	0	0.500752	0.38945	0.30465	0.41794	15.77189	71	4.47	77	0.487632	0.38675	0.64243	0.42244	13.59193	71	3.7	77	0.0	0	0.0	0	0.0	0	0.0	0
1	1	0	115	60	396.89798	41.564350799999374	41.56044049999764	0.0050034	0.0039103	0	0.57056	0.36793	0.30598	0.41666	15.19855	71	4.51	77	0.532112	0.3659	0.6429	0.42393	14.09043	71	4.32	77	0.0	0	0.0	0	0.0	0	0.0	0
1	1	0	116	60	396.9144	41.57932079999591	41.576856599989696	0.0049897	0.0024642	0	0.575472	0.38023	0.30588	0.41701	14.92963	71	4.58	77	0.538032	0.37744	0.64366	0.42131	13.28228	71	3.68	77	0.0	0	0.0	0	0.0	0	0.0	0
1	1	0	117	60	396.93079	41.599290300000575	41.593263300004764	0.0050201	0.006027	0	0.522736	0.44091	0.3064	0.41532	15.66219	71	4.57	77	0.549632	0.41324	0.64358	0.42209	13.8169	71	4.29	77	0.0	0	0.0	0	0.0	0	0.0	0
1	1	0	118	60	396.94727	41.61424679999618	41.60974499999429	0.0049449	0.0045018	0	0.54568	0.41842	0.30678	0.41541	15.51191	71	4.59	77	0.52496	0.42977	0.64395	0.42202	13.89872	71	4.35	77	0.0	0	0.0	0	0.0	0	0.0	0
1	1	0	119	60	396.96371	41.63412559999415	41.62618869999278	0.0049571	0.0079369	0	0.54568	0.41842	0.30683	0.41482	15.61922	71	4.47	77	0.52496	0.42977	0.64488	0.42002	13.14765	71	3.66	77	0.0	0	0.0	0	0.0	0	0.0	0
1	1	0	120	60	396.98019	41.64912229999754	41.64266689999931	0.0049449	0.0064554	0	0.526848	0.41956	0.30705	0.41563	15.56386	71	4.49	77	0.57576	0.40627	0.64533	0.42129	13.28161	71	3.63	77	0.0	0	0.0	0	0.0	0	0.0	0
1	1	0	121	60	396.99661	41.664081799994165	41.65909090000059	0.0049058	0.0049909	0	0.54496	0.43603	0.30735	0.41673	15.7546	71	4.73	77	0.531504	0.41988	0.64574	0.42191	13.18584	71	3.59	77	0.0	0	0.0	0	0.0	0	0.0	0
1	1	0	122	60	397.01309	41.679042600000685	41.67554470000323	0.004953	0.0034979	0	0.54496	0.43603	0.30766	0.41586	15.79642	71	4.49	77	0.525712	0.40784	0.64551	0.42419	13.34395	71	4.81	77	0.0	0	0.0	0	0.0	0	0.0	0
1	1	0	123	60	397.02945	41.69897589999891	41.691930299995875	0.0048987	0.0070456	0	0.550752	0.17541	0.30887	0.42323	15.8086	71	4.12	77	0.552992	0.17765	0.64653	0.42901	12.73597	71	3.77	77	0.0	0	0.0	0	0.0	0	0.0	0
1	1	0	124	60	397.04587	41.71394589999545	41.708332399997744	0.0049863	0.0056135	0	0.525536	-0.05148	0.3103	0.42901	15.71506	71	4.14	77	0.567344	-0.03003	0.64539	0.43678	15.14862	71	4.1	77	0.0	0	0.0	0	0.0	0	0.0	0
1	1	0	125	60	397.06232	41.728892299994186	41.72478499999852	0.0049938	0.0041073	0	0.525504	-0.05151	0.31027	0.4293	16.1207	71	4.07	77	0.574288	-0.02325	0.64569	0.43629	14.90813	71	4.06	77	0.0	0	0.0	0	0.0	0	0.0	0
1	1	0	126	60	397.07874	41.74386859999504	41.741202799996245	0.0049755	0.0026658	0	0.53776	-0.09155	0.31089	0.43193	15.72573	71	3.96	77	0.607168	-0.04295	0.64744	0.4402	15.25853	71	4.1	77	0.0	0	0.0	0	0.0	0	0.0	0
1	1	0	127	60	397.09512	41.76485099999991	41.75760760000412	0.0049175	0.0072434	0	0.570848	-0.10425	0.31142	0.43219	15.84446	71	4.01	77	0.583408	-0.08935	0.64786	0.44116	15.22668	71	4.16	77	0.0	0	0.0	0	0.0	0	0.0	0
1	1	0	128	60	397.11148	41.77977929999906	41.77395589999651	0.0049633	0.0058234	0	0.575856	-0.09796	0.3114	0.43227	15.69407	71	4.01	77	0.583408	-0.08935	0.64863	0.4401	14.9949	71	3.84	77	0.0	0	0.0	0	0.0	0	0.0	0
1	1	0	129	60	397.12799	41.79474459999619	41.79044949999661	0.0049445	0.0042951	0	0.55632	-0.06977	0.31234	0.43365	15.73556	71	3.97	77	0.622112	-0.10273	0.64958	0.44326	15.0759	71	4.06	77	0.0	0	0.0	0	0.0	0	0.0	0
1	1	0	130	60	397.14435	41.809691999995266	41.80683290000161	0.0049728	0.0028591	0	0.553728	-0.07473	0.31302	0.43402	15.83693	71	4.07	77	0.56096	-0.16928	0.65038	0.44405	15.04271	71	4.15	77	0.0	0	0.0	0	0.0	0	0.0	0
1	1	0	135	60	397.16083	41.82965179999883	41.82327229999646	0.004971	0.0063795	0	0.548928	-0.08137	0.3133	0.43447	16.07258	71	4.15	77	0.553904	-0.17437	0.65109	0.44372	15.33787	71	3.89	77	0.0	0	0.0	0	0.0	0	0.0	0
1	1	0	136	60	397.17734	41.844633499997144	41.83982180000021	0.0050098	0.0048117	0	0.515648	-0.09088	0.31411	0.4337	15.70899	71	4.07	77	0.556512	-0.1331	0.65197	0.44437	15.28102	71	4.11	77	0.0	0	0.0	0	0.0	0	0.0	0
1	1	0	137	60	397.19376	41.864502500000526	41.856222599999455	0.0049065	0.0082799	0	0.558736	-0.14095	0.31447	0.43255	16.00642	71	4.07	77	0.616352	-0.12803	0.65278	0.44353	15.59872	71	4.06	77	0.0	0	0.0	0	0.0	0	0.0	0
1	1	0	138	60	397.21014	41.87946839999495	41.87260640000022	0.0049374998	0.006862	0	0.558736	-0.14095	0.31456	0.43261	15.99017	71	4.04	77	0.624016	-0.12238	0.65273	0.44385	15.79704	71	4.11	77	0.0	0	0.0	0	0.0	0	0.0	0
1	1	0	139	60	397.22659	41.89444440000079	41.88905870000599	0.004926	0.0053857	0	0.49544	-0.13381	0.31525	0.43124	15.93683	71	4.06	77	0.57272	-0.0913	0.65391	0.4423	15.47502	71	4.12	77	0.0	0	0.0	0	0.0	0	0.0	0
1	1	0	140	60	397.24301	41.909406099999615	41.905469500001345	0.0048804	0.0039366	0	0.609344	-0.21412	0.31623	0.43279	16.16109	71	4.15	77	0.655392	-0.17455	0.65437	0.44458	15.96583	71	4.15	77	0.0	0	0.0	0	0.0	0	0.0	0
1	1	0	141	60	397.25943	41.92935239999497	41.921911999997974	0.0049719	0.0074404	0	0.614832	-0.20911	0.31641	0.43258	16.05953	71	4.18	77	0.655392	-0.17455	0.65441	0.44448	16.03632	71	4.1	77	0.0	0	0.0	0	0.0	0	0.0	0
1	1	0	142	60	397.27594	41.94433659999777	41.93842699999368	0.0049591	0.0059096	0	0.56728	-0.14477	0.31714	0.43456	16.32586	71	4.09	77	0.623376	-0.20045	0.65503	0.44509	15.85538	71	4.18	77	0.0	0	0.0	0	0.0	0	0.0	0
1	1	0	143	60	397.29245	41.96028429999569	41.95493319999514	0.0058056	0.0053511	0	0.58896	-0.20696	0.31737	0.43471	16.10152	71	4.28	77	0.62144	-0.2049	0.65544	0.44517	16.0199	71	4.13	77	0.0	0	0.0	0	0.0	0	0.0	0
1	1	0	144	60	397.30878	41.976226699996914	41.97123009999632	0.0048555	0.0049966	0	0.578448	-0.2171	0.31728	0.43477	16.28182	71	4.24	77	0.605936	-0.21424	0.65553	0.44522	15.99783	71	4.08	77	0.0	0	0.0	0	0.0	0	0.0	0
1	1	0	145	60	397.32529	41.99117519999709	41.98775379999279	0.0049618	0.0034214	0	0.547088	-0.26634	0.31724	0.43512	16.14212	71	4.18	77	0.592064	-0.21242	0.65569	0.44492	15.90316	71	4.13	77	0.0	0	0.0	0	0.0	0	0.0	0
1	1	0	146	60	397.34167	42.01118859999406	42.00413809999009	0.0050078	0.0070505	0	0.56112	-0.23515	0.31724	0.43512	16.14212	71	4.18	77	0.5932	-0.22171	0.65567	0.44475	15.93485	71	4.19	77	0.0	0	0.0	0	0.0	0	0.0	0
1	1	0	147	60	397.35806	42.02609509999456	42.02054649999627	0.0049264	0.0055486	0	0.555872	-0.24017	0.31718	0.43509	16.20997	71	4.19	77	0.585376	-0.22639	0.65567	0.44475	15.93485	71	4.19	77	0.0	0	0.0	0	0.0	0	0.0	0
1	1	0	148	60	397.37442	42.04104029999871	42.036884300003294	0.004677	0.004156	0	0.587616	-0.23982	0.31721	0.43429	16.11786	71	4.16	77	0.593184	-0.17913	0.6556	0.44354	15.87523	71	4.0	77	0.0	0	0.0	0	0.0	0	0.0	0
1	1	0	149	60	397.3909	42.05605300000025	42.05337910000526	0.0050384	0.0026739	0	0.559664	-0.24688	0.31718	0.43406	16.13081	71	4.23	77	0.611136	-0.25704	0.65557	0.44326	15.93544	71	4.03	77	0.0	0	0.0	0	0.0	0	0.0	0
1	1	0	150	60	397.40723	42.07599019999907	42.069711000003736	0.0049894	0.0062792	0	0.56496	-0.24195	0.31706	0.43418	16.3725	71	4.2	77	0.619296	-0.25274	0.65546	0.44333	15.98278	71	4.09	77	0.0	0	0.0	0	0.0	0	0.0	0
1	1	0	151	60	397.42377	42.09094959999493	42.086219099997834	0.0050241	0.0047305	0	0.259808	-0.18564	0.30905	0.43391	15.7682	71	4.02	77	0.30024	-0.20631	0.64783	0.44266	15.87553	71	3.98	77	0.0	0	0.0	0	0.0	0	0.0	0
1	1	0	156	60	397.44016	42.11088049999671	42.102634700000635	0.0049788	0.0082458	0	0.141344	-0.24523	0.307	0.43346	14.95978	71	3.96	77	0.184688	-0.20887	0.64604	0.44332	15.59788	71	4.01	77	0.0	0	0.0	0	0.0	0	0.0	0
1	1	0	157	60	397.45651	42.12581499999942	42.11898449999717	0.0049614	0.0068305	0	0.1416	-0.2405	0.30747	0.4341	15.57842	71	4.0	77	0.187744	-0.20415	0.64608	0.44311	15.74637	71	4.0	77	0.0	0	0.0	0	0.0	0	0.0	0
1	1	0	158	60	397.47305	42.14080109999486	42.135513499997614	0.004991	0.0052876	0	0.160768	-0.20411	0.30765	0.43505	15.64232	71	3.96	77	0.151616	-0.2051	0.64648	0.44411	15.52144	71	3.9	77	0.0	0	0.0	0	0.0	0	0.0	0
1	1	0	159	60	397.48941	42.15581730000122	42.15188259999559	0.0050455	0.0039347	0	0.168576	-0.24303	0.30783	0.43505	15.75489	71	3.96	77	0.191008	-0.15313	0.64687	0.44471	15.30597	71	3.99	77	0.0	0	0.0	0	0.0	0	0.0	0
1	1	0	160	60	397.50592	42.17571399999724	42.16838950000238	0.0049297	0.0073245	0	0.168576	-0.24303	0.30783	0.43505	15.75489	71	3.96	77	0.194064	-0.14777	0.64686	0.44446	15.27043	71	3.98	77	0.0	0	0.0	0	0.0	0	0.0	0
1	1	0	161	60	397.52234	42.19067720000021	42.18480109999655	0.0049951	0.0058761	0	0.199824	-0.18317	0.3083	0.4352	15.51595	71	3.93	77	0.248816	-0.17658	0.64755	0.44532	15.50304	71	3.89	77	0.0	0	0.0	0	0.0	0	0.0	0
1	1	0	162	60	397.5387	42.20559119999962	42.20118000000366	0.0049512	0.0044112	0	0.17872	-0.11733	0.30866	0.43506	15.46146	71	3.94	77	0.229888	-0.18965	0.64773	0.44539	15.58586	71	3.88	77	0.0	0	0.0	0	0.0	0	0.0	0
1	1	0	163	60	397.55508	42.22059330000047	42.21755729999859	0.0050508	0.003036	0	0.179392	-0.11126	0.30865	0.43515	15.64102	71	3.94	77	0.229888	-0.18965	0.64773	0.44539	15.58586	71	3.88	77	0.0	0	0.0	0	0.0	0	0.0	0
1	1	0	168	60	397.5715	42.24150240000017	42.23398889999953	0.0049558	0.0075135	0	0.169472	-0.17781	0.30918	0.43477	15.37826	71	3.96	77	0.201264	-0.21009	0.64877	0.44537	14.97855	71	4.0	77	0.0	0	0.0	0	0.0	0	0.0	0
1	1	0	169	60	397.58795	42.25648889999866	42.25042039999971	0.0049711	0.0060685	0	0.193232	-0.15658	0.30946	0.43432	15.30521	71	3.98	77	0.17888	-0.20977	0.64883	0.44515	15.41998	71	3.94	77	0.0	0	0.0	0	0.0	0	0.0	0
1	1	0	170	60	397.60449	42.271456199996464	42.26695800000016	0.0049414	0.0044982	0	0.1924	-0.16221	0.30943	0.43437	15.37826	71	3.97	77	0.17888	-0.20977	0.64883	0.44515	15.41998	71	3.94	77	0.0	0	0.0	0	0.0	0	0.0	0
1	1	0	171	60	397.62079	42.28743119999854	42.28325439999753	0.0059645	0.0041768	0	0.182336	-0.21269	0.30955	0.43353	15.34412	71	3.93	77	0.20768	-0.1947	0.64896	0.44418	15.37127	71	3.89	77	0.0	0	0.0	0	0.0	0	0.0	0
1	1	0	172	60	397.63733	42.303334299998824	42.29979689999891	0.0059459	0.0035374	0	0.196112	-0.28757	0.3099	0.43165	15.33014	71	3.85	77	0.215232	-0.17908	0.64911	0.44241	15.29153	71	3.92	77	0.0	0	0.0	0	0.0	0	0.0	0
1	1	0	173	60	397.65375	42.31829469999502	42.31620760000078	0.0049599	0.0020871	0	0.198048	-0.27849	0.30979	0.43194	15.44972	71	3.94	77	0.222416	-0.16828	0.64944	0.44259	14.59025	71	4.17	77	0.0	0	0.0	0	0.0	0	0.0	0
1	1	0	174	60	397.67026	42.338232800000696	42.33273030000419	0.0049416	0.0055025	0	0.17184	0.04474	0.31075	0.425	14.35658	71	3.79	77	0.272464	0.05723	0.64888	0.43603	14.57285	71	3.89	77	0.0	0	0.0	0	0.0	0	0.0	0
1	1	0	175	60	397.68661	42.353221499994106	42.34907229999226	0.0049682	0.0041492	0	0.230096	0.04862	0.31051	0.42497	14.29424	71	3.87	77	0.297152	0.09492	0.64901	0.43532	14.80529	71	3.87	77	0.0	0	0.0	0	0.0	0	0.0	0
1	1	0	176	60	397.70303	42.37318139999843	42.36551089999557	0.0050025	0.0076705	0	0.230096	0.04862	0.31068	0.42494	14.32114	71	3.87	77	0.297152	0.09492	0.6491	0.43595	15.24459	71	3.9	77	0.0	0	0.0	0	0.0	0	0.0	0
1	1	0	177	60	397.71954	42.38815439999598	42.382002499995	0.004963	0.0061519	0	0.158496	0.00166	0.31048	0.42407	14.87764	71	3.71	77	0.272432	0.02595	0.64927	0.43522	15.37996	71	3.85	77	0.0	0	0.0	0	0.0	0	0.0	0
1	1	0	178	60	397.73578	42.40310489999683	42.39825459999702	0.0050304	0.0048503	0	0.185184	0.05325	0.31051	0.42386	14.5706	71	3.84	77	0.195456	0.02528	0.64946	0.43423	14.77834	71	3.95	77	0.0	0	0.0	0	0.0	0	0.0	0
1	1	0	179	60	397.75226	42.41802710000047	42.414739500003634	0.0049677	0.0032876	0	0.18432	0.04379	0.31046	0.42378	14.451	71	3.84	77	0.192016	0.01671	0.6495	0.43419	14.75142	71	3.93	77	0.0	0	0.0	0	0.0	0	0.0	0
1	1	0	180	60	397.7688	42.43813239999872	42.43128009999782	0.0051101	0.0068523	0	0.202496	-0.34881	0.31232	0.434	14.89599	71	3.99	77	0.28488	-0.26359	0.6494	0.44369	15.06069	71	4.05	77	0.0	0	0.0	0	0.0	0	0.0	0
1	1	0	181	60	397.78525	42.4529293999949	42.44769389999419	0.0049462	0.0052355	0	0.207088	-0.417	0.31239	0.4371	15.21975	71	4.01	77	0.230736	-0.34891	0.64922	0.44658	15.06925	71	4.03	77	0.0	0	0.0	0	0.0	0	0.0	0
1	1	0	182	60	397.80154	42.46791629999643	42.464014999997744	0.0050089	0.0039013	0	0.207088	-0.417	0.31249	0.43713	15.29216	71	3.91	77	0.230736	-0.34891	0.64919	0.44677	15.23071	71	4.11	77	0.0	0	0.0	0	0.0	0	0.0	0
1	1	0	183	60	397.81805	42.48290669999551	42.480516199990234	0.0050396	0.0023905	0	0.21576	-0.38073	0.31226	0.43737	15.19478	71	3.87	77	0.25312	-0.41346	0.65008	0.44649	15.37971	71	3.98	77	0.0	0	0.0	0	0.0	0	0.0	0
1	1	0	184	60	397.83447	42.50282940000034	42.496933200003696	0.0050115	0.0058962	0	0.190288	-0.36068	0.31248	0.43708	15.45033	71	3.89	77	0.23032	-0.36231	0.65051	0.44673	15.12279	71	4.07	77	0.0	0	0.0	0	0.0	0	0.0	0
1	1	0	185	60	397.85095	42.5177795999989	42.51340270000219	0.0050014	0.0043769	0	0.190288	-0.36068	0.31244	0.43701	15.35235	71	3.88	77	0.23032	-0.36231	0.65059	0.44656	14.98601	71	4.09	77	0.0	0	0.0	0	0.0	0	0.0	0
1	1	0	186	60	397.86731	42.53776339999604	42.52977049999026	0.0049505	0.0079929	0	0.241152	-0.3649	0.31258	0.43713	15.19478	71	3.86	77	0.267728	-0.37725	0.65148	0.44719	15.3472	71	4.03	77	0.0	0	0.0	0	0.0	0	0.0	0
1	1	0	191	60	397.88364	42.55267119999917	42.546104499997455	0.0049594	0.0065667	0	0.222592	-0.37473	0.31288	0.43697	15.3958	71	3.93	77	0.258992	-0.36165	0.65172	0.44753	15.52829	71	3.9	77	0.0	0	0.0	0	0.0	0	0.0	0
1	1	0	192	60	397.90021	42.567630499994266	42.56267889999435	0.0049143	0.0049516	0	0.22144	-0.37772	0.31288	0.43697	15.3958	71	3.93	77	0.255216	-0.36438	0.65184	0.44733	15.27014	71	3.93	77	0.0	0	0.0	0	0.0	0	0.0	0
1	1	0	193	60	397.91663	42.58264119999512	42.579109899998	0.0049882	0.0035313	0	0.202032	-0.37318	0.31287	0.43577	15.07297	71	3.78	77	0.2436	-0.36413	0.65155	0.4466	15.39892	71	4.17	77	0.0	0	0.0	0	0.0	0	0.0	0
1	1	0	194	60	397.93307	42.60253449999436	42.59553439999581	0.0049236	0.0070001	0	0.1424	-0.3088	0.31278	0.43576	15.39379	71	3.86	77	0.249616	-0.32394	0.65185	0.44653	15.22365	71	4.06	77	0.0	0	0.0	0	0.0	0	0.0	0
1	1	0	195	60	397.94946	42.61749349999445	42.611937099994975	0.0049666	0.0055564	0	0.142128	-0.31267	0.31278	0.43576	15.39379	71	3.86	77	0.242032	-0.33048	0.65155	0.4468	15.79845	71	4.01	77	0.0	0	0.0	0	0.0	0	0.0	0
1	1	0	196	60	397.96585	42.632458499996574	42.628337699999975	0.0049355	0.0041208	0	0.187472	-0.33232	0.31245	0.43643	15.03751	71	3.84	77	0.23304	-0.38531	0.65148	0.44728	15.72178	71	4.0	77	0.0	0	0.0	0	0.0	0	0.0	0
1	1	0	197	60	397.98221	42.65244449999591	42.64466889999312	0.0050341	0.0077756	0	0.207056	-0.38933	0.31249	0.43679	15.49296	71	3.93	77	0.214976	-0.33177	0.65134	0.44772	16.00357	71	4.06	77	0.0	0	0.0	0	0.0	0	0.0	0
1	1	0	198	60	397.99878	42.667351600000984	42.661264800000936	0.0049425	0.0060868	0	0.207056	-0.38934	0.31249	0.43679	15.49296	71	3.93	77	0.218544	-0.32844	0.65137	0.44771	15.96787	71	4.07	77	0.0	0	0.0	0	0.0	0	0.0	0
1	1	0	199	60	398.01517	42.682371799994144	42.677653699989605	0.0050232	0.0047181	0	0.155248	-0.39602	0.3117	0.43715	15.19987	71	3.77	77	0.192096	-0.3171	0.65088	0.44768	15.62899	71	3.98	77	0.0	0	0.0	0	0.0	0	0.0	0
1	1	0	200	60	398.03162	42.697322299994994	42.69406749999325	0.0049672	0.0032548	0	0.178032	-0.3705	0.31148	0.43747	15.39843	71	3.84	77	0.207808	-0.33143	0.65021	0.44812	15.88739	71	4.03	77	0.0	0	0.0	0	0.0	0	0.0	0
1	1	0	201	60	398.04797	42.718225699994946	42.710459099995205	0.0049693	0.0077665998	0	0.179392	-0.36419	0.31148	0.43747	15.39843	71	3.84	77	0.214384	-0.32514	0.65052	0.448	15.40101	71	4.07	77	0.0	0	0.0	0	0.0	0	0.0	0
1	1	0	202	60	398.06442	42.73322959999496	42.726902299997164	0.0049765	0.0063273	0	0.278192	-0.279	0.31145	0.43794	15.52044	71	3.83	77	0.270832	-0.36166	0.65128	0.44837	15.46168	71	4.0	77	0.0	0	0.0	0	0.0	0	0.0	0
1	1	0	203	60	398.08084	42.74815859999944	42.74330480000208	0.0049539	0.0048538	0	0.342208	-0.30197	0.31373	0.43753	14.62831	71	4.13	77	0.335744	-0.35478	0.65246	0.4484	15.7765	71	4.03	77	0.0	0	0.0	0	0.0	0	0.0	0
1	1	0	204	60	398.09726	42.76312009999674	42.759731999991345	0.0049996	0.0033881	0	0.345216	-0.29729	0.31342	0.43786	15.37233	71	4.0	77	0.341376	-0.35136	0.65246	0.4484	15.7765	71	4.03	77	0.0	0	0.0	0	0.0	0	0.0	0
1	1	0	205	60	398.11374	42.78305349999573	42.77622259999771	0.0049539	0.0068309	0	0.285008	-0.3234	0.31309	0.43835	15.40379	71	3.88	77	0.387616	-0.33201	0.6521	0.44848	15.81157	71	4.1	77	0.0	0	0.0	0	0.0	0	0.0	0
1	1	0	206	60	398.13019	42.79904009999882	42.79266199999984	0.0049438	0.0063781	0	0.336608	-0.33699	0.31279	0.43827	15.57842	71	4.0	77	0.390672	-0.33379	0.65199	0.44844	15.98253	71	4.07	77	0.0	0	0.0	0	0.0	0	0.0	0
1	1	0	207	60	398.14667	42.814006299995526	42.80912719999469	0.0049779	0.0048791	0	0.334288	-0.34028	0.31279	0.43827	15.57842	71	4.0	77	0.385696	-0.33671	0.65196	0.44836	15.91207	71	4.11	77	0.0	0	0.0	0	0.0	0	0.0	0
1	1	0	208	60	398.16302	42.82898019999993	42.8254866999996	0.0049884	0.0034935	0	0.321392	-0.38222	0.31283	0.43778	15.49926	71	3.89	77	0.377584	-0.30533	0.65208	0.44795	15.93816	71	4.14	77	0.0	0	0.0	0	0.0	0	0.0	0
1	1	0	209	60	398.17944	42.84891399999469	42.84190639999724	0.0049522	0.0070076	0	0.33584	-0.32926	0.31305	0.43765	15.64436	71	3.97	77	0.365264	-0.31359	0.65218	0.44767	15.60407	71	4.23	77	0.0	0	0.0	0	0.0	0	0.0	0
1	1	0	210	60	398.19586	42.86388449999504	42.8583246999915	0.0050251	0.0055598	0	0.332864	-0.33365	0.31305	0.43765	15.64436	71	3.97	77	0.359168	-0.31766	0.65213	0.44774	15.75754	71	4.21	77	0.0	0	0.0	0	0.0	0	0.0	0
1	1	0	211	60	398.21225	42.87887339999725	42.874733099997684	0.0050235	0.0041403	0	0.303088	-0.37533	0.31337	0.43743	15.52177	71	3.91	77	0.314352	-0.36765	0.65252	0.44702	15.88483	71	4.21	77	0.0	0	0.0	0	0.0	0	0.0	0
1	1	0	212	60	398.22882	42.89378690000012	42.89128879999771	0.0049896	0.0024981	0	0.329664	-0.32083	0.31353	0.43739	15.78724	71	3.93	77	0.34648	-0.35957	0.65264	0.44755	16.05091	71	4.12	77	0.0	0	0.0	0	0.0	0	0.0	0
1	1	0	213	60	398.24518	42.9137516999981	42.907638799995766	0.0049709	0.0061129	0	0.332016	-0.31718	0.31353	0.43739	15.78724	71	3.93	77	0.351248	-0.35679	0.65264	0.44758	16.03459	71	4.12	77	0.0	0	0.0	0	0.0	0	0.0	0
1	1	0	218	60	398.2616	42.92868639999506	42.92405809999764	0.0049406	0.0046283	0	0.319088	-0.35639	0.31367	0.43733	15.58275	71	3.9	77	0.38512	-0.35529	0.65314	0.44723	15.83749	71	4.14	77	0.0	0	0.0	0	0.0	0	0.0	0
1	1	0	219	60	398.27808	42.94864859999507	42.940533199995116	0.0049503	0.0081154	0	0.352112	-0.40751	0.31394	0.43732	15.84861	71	3.91	77	0.356128	-0.35026	0.6532	0.44727	16.10926	71	4.1	77	0.0	0	0.0	0	0.0	0	0.0	0
1	1	0	220	60	398.29446	42.96359120000125	42.956932699999015	0.0049196	0.0066585	0	0.34952	-0.41014	0.31389	0.43735	15.8107	71	3.94	77	0.351296	-0.35312	0.65332	0.44721	15.79929	71	4.12	77	0.0	0	0.0	0	0.0	0	0.0	0
1	1	0	221	60	398.31085	42.97852879999846	42.97333589999471	0.0049327	0.0051929	0	0.30008	-0.37967	0.31443	0.43762	15.67636	71	3.92	77	0.327744	-0.33261	0.65366	0.44798	15.49104	71	4.17	77	0.0	0	0.0	0	0.0	0	0.0	0
1	1	0	222	60	398.32736	42.99453619999986	42.98982490000344	0.0050037	0.0047113	0	0.263152	-0.37707	0.31429	0.43837	16.0365	71	4.13	77	0.338992	-0.37101	0.65375	0.44898	16.05543	71	4.1	77	0.0	0	0.0	0	0.0	0	0.0	0
1	1	0	228	60	404.94806	49.61605839999538	49.61053109999193	0.0048916	0.0055273	0	0.042	0.09131	0.33935	0.45224	15.37836	71	3.93	77	0.014896	0.06857	0.68153	0.48125	15.53252	71	4.01	77	0.0	0	0.0	0	0.0	0	0.0	0
1	1	0	233	60	404.96439	49.632069799998135	49.626851900000474	0.0049889	0.0052179	0	0.030176	0.05127	0.33859	0.45142	14.77185	71	3.88	77	-0.00232	0.0665	0.68067	0.47997	15.50628	71	3.97	77	0.0	0	0.0	0	0.0	0	0.0	0
1	1	0	234	60	404.98087	49.64805150000029	49.64331640000455	0.0050647	0.0047351	0	-0.086816	0.08103	0.33611	0.45095	15.72573	71	3.94	77	-0.039152	0.10243	0.67792	0.47808	15.6232	71	4.22	77	0.0	0	0.0	0	0.0	0	0.0	0
1	1	0	235	60	404.99734	49.662955100000545	49.65980870000203	0.0049698	0.0031464	0	-0.084848	0.07368	0.33622	0.45039	15.32691	71	3.91	77	-0.038592	0.11121	0.6784	0.47867	16.21958	71	4.18	77	0.0	0	0.0	0	0.0	0	0.0	0
1	1	0	236	60	405.01376	49.67796769999404	49.676230899989605	0.0050485	0.0017368	0	-0.15728	0.1582	0.3328	0.44821	14.93484	71	4.16	77	-0.152608	0.16773	0.67361	0.47512	16.2605	71	4.13	77	0.0	0	0.0	0	0.0	0	0.0	0
1	1	0	237	60	405.03018	49.698915699998906	49.69266079999943	0.0049672	0.0062549	0	-0.20584	0.1564	0.33256	0.44831	15.803	71	4.09	77	-0.182896	0.23568	0.67333	0.47446	16.77069	71	4.18	77	0.0	0	0.0	0	0.0	0	0.0	0
1	1	0	239	60	405.0466	49.713839299998654	49.709067899995716	0.004986	0.0047714	0	-0.212608	0.1742	0.33261	0.44754	15.5102	71	4.01	77	-0.184528	0.2542	0.6735	0.47403	16.36127	71	4.22	77	0.0	0	0.0	0	0.0	0	0.0	0
1	1	0	240	60	405.06305	49.728789799999504	49.72553049999988	0.0050156	0.0032593	0	-0.173296	0.17136	0.33155	0.44517	15.55404	71	3.87	77	-0.15848	0.19695	0.6725	0.47162	16.2687	71	4.17	77	0.0	0	0.0	0	0.0	0	0.0	0
1	1	0	241	60	405.07928	49.74472689999675	49.741756199997326	0.0059584	0.0029707	0	-0.179568	0.19423	0.33087	0.44448	15.83016	71	4.06	77	-0.202512	0.19863	0.67191	0.46983	16.32231	71	4.19	77	0.0	0	0.0	0	0.0	0	0.0	0
1	1	0	242	60	405.09583	49.764681399996334	49.758283599992865	0.004931	0.0063978	0	-0.18272	0.2037	0.33086	0.44386	15.7908	71	3.94	77	-0.202512	0.19859	0.67201	0.46974	16.60508	71	4.15	77	0.0	0	0.0	0	0.0	0	0.0	0
1	1	0	243	60	405.11227	49.779646799994225	49.77475879999838	0.0050012	0.004888	0	-0.182944	0.24305	0.32918	0.44107	15.83634	71	3.93	77	-0.183984	0.16707	0.67015	0.46548	17.00429	71	4.22	77	0.0	0	0.0	0	0.0	0	0.0	0
1	1	0	244	60	405.12869	49.794584700000996	49.79116690000228	0.0049895	0.0034178	0	-0.193376	0.19942	0.32821	0.43975	15.83375	71	3.99	77	-0.23144	0.17118	0.66927	0.46378	16.61192	71	4.18	77	0.0	0	0.0	0	0.0	0	0.0	0
1	1	0	245	60	405.14511	49.810683699994115	49.80757919999451	0.0061299	0.0031045	0	-0.190032	0.18974	0.32815	0.43958	15.63173	71	4.01	77	-0.23144	0.17118	0.66926	0.4633	16.45882	71	4.23	77	0.0	0	0.0	0	0.0	0	0.0	0
1	1	0	250	60	405.16156	49.83050859999639	49.82402939999156	0.005037	0.0064792	0	-0.2652	0.21568	0.32421	0.4381	16.3577	71	4.17	77	-0.22104	0.202	0.66521	0.45993	17.12479	71	4.37	77	0.0	0	0.0	0	0.0	0	0.0	0
1	1	0	251	60	405.17798	49.84544279999682	49.84043009999732	0.004991	0.0050127	0	-0.324672	0.30546	0.32183	0.43705	16.30143	71	4.22	77	-0.355344	0.26772	0.66227	0.45784	17.3634	71	4.37	77	0.0	0	0.0	0	0.0	0	0.0	0
1	1	0	252	60	405.19443	49.86145939999551	49.85688329999539	0.0060423	0.0045761	0	-0.32936	0.31633	0.32179	0.43671	15.83323	71	4.28	77	-0.355344	0.26772	0.66202	0.4578	17.10548	71	4.36	77	0.0	0	0.0	0	0.0	0	0.0	0
1	1	0	253	60	405.21085	49.87739619999775	49.8733185999954	0.0059473002	0.0040776	0	-0.3608	0.2995	0.3202	0.43631	15.91507	71	4.26	77	-0.301392	0.21825	0.66068	0.45646	17.0113	71	4.33	77	0.0	0	0.0	0	0.0	0	0.0	0
1	1	0	254	60	405.22717	49.898340100000496	49.889656999999715	0.0059701	0.0086831	0	-0.359088	0.29433	0.31959	0.4357	16.08732	71	4.21	77	-0.298368	0.23343	0.66016	0.45627	17.54053	71	4.34	77	0.0	0	0.0	0	0.0	0	0.0	0
1	1	0	255	60	405.24365	49.90827889999491	49.906111099990085	0.0049867	0.0021678	0	-0.354016	0.28359	0.3196	0.43576	16.06992	71	4.27	77	-0.296352	0.22357	0.65998	0.45551	17.0056	71	4.4	77	0.0	0	0.0	0	0.0	0	0.0	0
1	1	0	256	60	405.26013	49.928236200001265	49.922600600002625	0.0049888	0.0056356	0	-0.362784	0.31926	0.3186	0.43531	15.6978	71	4.14	77	-0.310528	0.24172	0.65926	0.4545	17.18857	71	4.28	77	0.0	0	0.0	0	0.0	0	0.0	0
1	1	0	257	60	405.27655	49.94319479999831	49.93902550000348	0.0049825	0.0041693	0	-0.378256	0.33236	0.31868	0.43541	15.58516	71	4.25	77	-0.316	0.21871	0.65935	0.45439	16.83721	71	4.35	77	0.0	0	0.0	0	0.0	0	0.0	0
1	1	0	258	60	405.29294	49.958143399999244	49.9554100000023	0.0049368	0.0027334	0	-0.378256	0.33236	0.31886	0.43539	15.89792	71	4.22	77	-0.318208	0.22851	0.65914	0.45407	16.73564	71	4.26	77	0.0	0	0.0	0	0.0	0	0.0	0
1	1	0	259	60	405.30939	49.97911100000056	49.97185629999876	0.0060074	0.0072547	0	-0.354048	0.30601	0.31877	0.43503	14.84561	71	4.22	77	-0.332672	0.19379	0.65924	0.45407	17.07584	71	4.29	77	0.0	0	0.0	0	0.0	0	0.0	0
1	1	0	260	60	405.32581	49.99410599999828	49.98827689999598	0.0049235	0.0058291	0	-0.36736	0.3207	0.31779	0.43576	15.22821	71	4.13	77	-0.405456	0.24339	0.65825	0.45416	16.54148	71	4.12	77	0.0	0	0.0	0	0.0	0	0.0	0
1	1	0	261	60	405.34219	50.0089949999965	50.00466369999049	0.0049337	0.0043313	0	-0.367392	0.32075	0.31763	0.43599	15.1429	71	4.14	77	-0.405472	0.24344	0.6582	0.45438	16.54552	71	4.21	77	0.0	0	0.0	0	0.0	0	0.0	0
1	1	0	262	60	405.35873	50.02402539999457	50.02121929999703	0.0049698	0.0028061	0	-0.502656	0.22975	0.31515	0.43944	14.91496	71	4.03	77	-0.5008	0.17933	0.65509	0.45746	16.21641	71	4.06	77	0.0	0	0.0	0	0.0	0	0.0	0
1	1	0	263	60	405.37506	50.043917599999986	50.037548499996774	0.0048962	0.0063691	0	-0.503184	0.21529	0.31544	0.43957	15.11907	71	4.08	77	-0.537824	0.17365	0.65539	0.45834	15.85131	71	4.12	77	0.0	0	0.0	0	0.0	0	0.0	0
1	1	0	268	60	405.3916	50.059882800000196	50.05406039999798	0.004967	0.0058224	0	-0.503184	0.21529	0.31552	0.4395	15.2459	71	4.02	77	-0.537824	0.17365	0.65539	0.45851	15.96427	71	4.12	77	0.0	0	0.0	0	0.0	0	0.0	0
1	1	0	269	60	405.40802	50.074822899994615	50.0704840999897	0.0049109	0.0043388	0	-0.50232	0.21606	0.31596	0.43971	14.45357	71	3.87	77	-0.524	0.21196	0.65666	0.45883	15.48139	71	4.18	77	0.0	0	0.0	0	0.0	0	0.0	0
1	1	0	270	60	405.42438	50.08979649999674	50.086829599997145	0.0049689002	0.0029669	0	-0.514432	0.19968	0.31627	0.4394	14.52592	71	4.01	77	-0.484528	0.20923	0.65674	0.45906	15.55534	71	4.01	77	0.0	0	0.0	0	0.0	0	0.0	0
1	1	0	271	60	405.44083	50.109743799999706	50.10329310000088	0.0049979	0.0064507	0	-0.521104	0.20913	0.31664	0.44004	14.6306	71	4.21	77	-0.488272	0.21854	0.65669	0.45939	15.64975	71	4.06	77	0.0	0	0.0	0	0.0	0	0.0	0
1	1	0	272	60	405.45724	50.12473409999802	50.11972809999861	0.0049904	0.005006	0	-0.538672	0.27642	0.3172	0.43999	14.31905	71	3.83	77	-0.502144	0.22337	0.65722	0.45848	15.49634	71	4.06	77	0.0	0	0.0	0	0.0	0	0.0	0
1	1	0	273	60	405.47372	50.13967319999938	50.13621089999651	0.0050024	0.0034623	0	-0.40088	0.1534	0.3199	0.44164	13.95997	71	3.77	77	-0.357616	0.15761	0.65984	0.46007	14.78397	71	3.89	77	0.0	0	0.0	0	0.0	0	0.0	0
1	1	0	274	60	405.49005	50.15463589999854	50.15253529999609	0.0050044	0.0021006	0	-0.407536	0.16423	0.32031	0.44203	14.19246	71	3.81	77	-0.36072	0.16815	0.66044	0.46102	14.94633	71	3.92	77	0.0	0	0.0	0	0.0	0	0.0	0
1	1	0	275	60	405.5065	50.17459509999753	50.16897859999881	0.0049633	0.0056165	0	0.091056	0.07435	0.33368	0.44467	14.22133	71	3.59	77	0.178592	0.08749	0.67298	0.46511	14.55694	71	3.67	77	0.0	0	0.0	0	0.0	0	0.0	0
1	1	0	276	60	405.52301	50.18954059999669	50.18546489999426	0.0049853	0.0040757	0	0.299504	0.0375	0.33841	0.44619	13.79312	71	3.79	77	0.368384	0.07423	0.6764	0.4657	14.25395	71	3.73	77	0.0	0	0.0	0	0.0	0	0.0	0
1	1	0	277	60	405.53949	50.20971109999664	50.20195669999521	0.0052078	0.0077544	0	0.297664	0.03011	0.33776	0.44516	13.43065	71	3.69	77	0.35968	0.05948	0.67636	0.46528	14.40504	71	3.69	77	0.0	0	0.0	0	0.0	0	0.0	0
1	1	0	278	60	405.55582	50.22447850000026	50.21828390000155	0.0049583	0.0061946	0	0.23832	0.03455	0.33796	0.44482	13.26865	71	3.49	77	0.305712	-0.00137	0.67739	0.4651	14.00025	71	3.72	77	0.0	0	0.0	0	0.0	0	0.0	0
1	1	0	279	60	405.5722	50.23942719999468	50.23468429999048	0.0049821	0.0047429	0	0.252128	-0.01796	0.33835	0.44471	13.54721	71	3.63	77	0.30288	0.01904	0.67758	0.46563	14.57557	71	3.76	77	0.0	0	0.0	0	0.0	0	0.0	0
1	1	0	280	60	405.58865	50.254379499994684	50.25113629999396	0.0049654	0.0032432	0	0.247312	-0.04174	0.33837	0.44479	13.69405	71	3.62	77	0.293632	0.0025	0.67789	0.46534	14.50828	71	3.64	77	0.0	0	0.0	0	0.0	0	0.0	0
1	1	0	281	60	405.6051	50.27432669999689	50.26758319999499	0.0049837	0.0067435	0	0.291984	-0.04578	0.33874	0.44462	13.83666	71	3.47	77	0.275376	-0.03946	0.67861	0.46446	14.0185	71	3.68	77	0.0	0	0.0	0	0.0	0	0.0	0
1	1	0	282	60	405.62149	50.29030999999668	50.28395419999288	0.0050153	0.0063558	0	0.312016	-0.05761	0.33882	0.44406	13.90967	71	3.55	77	0.24704	-0.0401	0.67882	0.46444	14.207	71	3.65	77	0.0	0	0.0	0	0.0	0	0.0	0
1	1	0	283	60	405.638	50.30533299999661	50.30047799999738	0.0051025	0.004855	0	0.314256	-0.05048	0.33876	0.44392	13.65149	71	3.63	77	0.250672	-0.03332	0.67894	0.46429	14.19846	71	3.6	77	0.0	0	0.0	0	0.0	0	0.0	0
1	1	0	284	60	405.65442	50.32017609999457	50.316884699990624	0.0049324	0.0032914	0	0.275696	-0.00591	0.33887	0.44376	13.90691	71	3.53	77	0.296912	0.02337	0.67908	0.4642	14.13793	71	3.7	77	0.0	0	0.0	0	0.0	0	0.0	0
1	1	0	289	60	405.67084	50.335163299998385	50.33331609999732	0.0050141	0.0018472	0	0.28928	0.01365	0.33906	0.44311	13.38395	71	3.7	77	0.25816	-0.05029	0.67966	0.46397	14.03876	71	3.83	77	0.0	0	0.0	0	0.0	0	0.0	0
1	1	0	290	60	405.68723	50.35508570000093	50.3497051000013	0.0049478	0.0053806	0	0.28928	0.01365	0.33901	0.44273	13.18214	71	3.61	77	0.254432	-0.05687	0.67969	0.46354	13.92846	71	3.68	77	0.0	0	0.0	0	0.0	0	0.0	0
1	1	0	291	60	405.7037	50.37010699999519	50.36616709999362	0.0050514	0.0039399	0	0.584976	-0.01132	0.34677	0.44519	15.70545	71	3.97	77	0.656816	-0.04595	0.68652	0.46643	14.19404	71	3.98	77	0.0	0	0.0	0	0.0	0	0.0	0
1	1	0	292	60	405.72021	50.39001849999477	50.382684999996854	0.0049877	0.0073335	0	0.54432	-0.13142	0.34748	0.44486	15.50309	71	3.94	77	0.60112	-0.12553	0.68675	0.46603	14.17205	71	4.14	77	0.0	0	0.0	0	0.0	0	0.0	0
1	1	0	293	60	405.73651	50.40500609999435	50.39897189999465	0.0049703	0.0060342	0	0.53936	-0.13768	0.34766	0.44482	15.41282	71	3.93	77	0.593328	-0.13142	0.68684	0.46597	14.19739	71	4.07	77	0.0	0	0.0	0	0.0	0	0.0	0
1	1	0	294	60	405.75299	50.419938499995624	50.415459799995006	0.0049858	0.0044787	0	0.563712	-0.10714	0.34785	0.44422	15.41845	71	3.99	77	0.589888	-0.07353	0.68752	0.46529	14.13562	71	4.05	77	0.0	0	0.0	0	0.0	0	0.0	0
1	1	0	295	60	405.76947	50.43986769999901	50.43193549999705	0.0049229	0.0079322	0	0.523776	-0.107	0.34807	0.44402	15.77231	71	3.92	77	0.62416	-0.11387	0.6877	0.46519	14.36995	71	4.09	77	0.0	0	0.0	0	0.0	0	0.0	0
1	1	0	296	60	405.78583	50.4548192000002	50.44830849999562	0.0049387002	0.0065107	0	0.523776	-0.107	0.34809	0.44402	15.57914	71	4.03	77	0.632256	-0.10777	0.68765	0.46518	14.25472	71	4.11	77	0.0	0	0.0	0	0.0	0	0.0	0
1	1	0	297	60	405.80219	50.46977569999581	50.464647299995704	0.0049665	0.0051284	0	0.55896	-0.08197	0.34841	0.44385	15.40751	71	3.97	77	0.620832	-0.06143	0.68794	0.46606	14.37708	71	4.03	77	0.0	0	0.0	0	0.0	0	0.0	0
1	1	0	298	60	405.8187	50.48576799999864	50.48116149999987	0.0049832	0.0046065	0	0.563792	-0.07343	0.34852	0.44382	15.65942	71	3.99	77	0.584608	-0.06665	0.68822	0.46594	14.50185	71	4.13	77	0.0	0	0.0	0	0.0	0	0.0	0
1	1	0	299	60	405.83508	50.505721800000174	50.497570900006394	0.004975	0.0081509	0	0.568928	-0.06645	0.34851	0.44379	15.65882	71	3.99	77	0.591904	-0.0602	0.68819	0.46586	14.41558	71	4.15	77	0.0	0	0.0	0	0.0	0	0.0	0
1	1	0	300	60	405.85156	50.520643899995775	50.514032999992196	0.0049382	0.0066109	0	0.574032	-0.09694	0.34856	0.4442	15.57623	71	3.89	77	0.595648	-0.03271	0.68866	0.46614	14.43848	71	3.87	77	0.0	0	0.0	0	0.0	0	0.0	0
1	1	0	301	60	405.86798	50.53563819999545	50.530462399998214	0.004918	0.0051758	0	0.58464	-0.11549	0.3487	0.44474	15.81216	71	3.96	77	0.616944	-0.04684	0.68864	0.46704	14.59839	71	3.99	77	0.0	0	0.0	0	0.0	0	0.0	0
1	1	0	302	60	405.88443	50.55059639999672	50.546886899996025	0.0050263	0.0037095	0	0.580256	-0.12072	0.3487	0.44474	15.81216	71	3.96	77	0.603136	-0.05895	0.68899	0.4666	14.62684	71	3.99	77	0.0	0	0.0	0	0.0	0	0.0	0
1	1	0	307	60	405.90076	50.56653540000116	50.56321100000059	0.0055325	0.0033244	0	0.565328	-0.0565	0.34887	0.44575	15.4674	71	4.06	77	0.584512	-0.09554	0.68879	0.46783	14.55431	71	3.99	77	0.0	0	0.0	0	0.0	0	0.0	0
1	1	0	308	60	405.91727	50.581554999997024	50.57973399999901	0.0047426	0.001821	0	0.538208	-0.06225	0.34897	0.44548	15.71544	71	4.0	77	0.573312	-0.1059	0.68896	0.46804	14.87531	71	3.99	77	0.0	0	0.0	0	0.0	0	0.0	0
1	1	0	309	60	405.93369	50.60146239999449	50.5961543999947	0.0050295	0.005308	0	0.5332	-0.06959	0.34896	0.44525	15.54377	71	3.98	77	0.565632	-0.11223	0.68885	0.4682	14.91189	71	4.02	77	0.0	0	0.0	0	0.0	0	0.0	0
1	1	0	310	60	405.95007	50.61643009999534	50.612547499993525	0.004991	0.0038826	0	0.228304	-0.14621	0.34132	0.44603	14.04569	71	3.9	77	0.28016	-0.10382	0.68151	0.46884	14.86273	71	3.77	77	0.0	0	0.0	0	0.0	0	0.0	0
1	1	0	311	60	405.96646	50.63131330000033	50.628940800001146	0.0049885	0.0023725	0	0.11752	-0.09792	0.33829	0.44763	14.57157	71	3.9	77	0.150272	-0.11714	0.67782	0.46938	14.51945	71	3.92	77	0.0	0	0.0	0	0.0	0	0.0	0
1	1	0	312	60	405.983	50.651333399997384	50.645471999996516	0.0049782	0.0058614	0	0.117504	-0.08544	0.33877	0.44752	15.05066	71	3.85	77	0.158064	-0.0998	0.67813	0.46948	14.96932	71	3.9	77	0.0	0	0.0	0	0.0	0	0.0	0
1	1	0	313	60	405.99936	50.66625059999933	50.66182229999686	0.0049647	0.0044283	0	0.103184	-0.11182	0.33777	0.44774	14.8659	71	3.73	77	0.150112	-0.05548	0.67756	0.47004	15.14976	71	3.82	77	0.0	0	0.0	0	0.0	0	0.0	0
1	1	0	314	60	406.01587	50.68618649999553	50.67833559999417	0.0049525	0.0078509	0	0.152528	-0.0931	0.33737	0.44778	14.58074	71	3.93	77	0.13688	-0.06069	0.67739	0.46995	14.88183	71	3.88	77	0.0	0	0.0	0	0.0	0	0.0	0
1	1	0	315	60	406.03229	50.701163499994436	50.69476009999198	0.0049179	0.0064034	0	0.153296	-0.08027	0.33772	0.44797	15.21167	71	3.77	77	0.139248	-0.05441	0.67737	0.46999	14.93127	71	3.88	77	0.0	0	0.0	0	0.0	0	0.0	0
1	1	0	316	60	406.04868	50.7162096999964	50.71114089999901	0.0050589	0.0050688	0	-0.107456	-0.15653	0.33097	0.4508	14.20262	71	3.78	77	-0.115728	-0.12955	0.66994	0.47149	14.59286	71	4.01	77	0.0	0	0.0	0	0.0	0	0.0	0
1	1	0	317	60	406.06503	50.73606640000071	50.727490400000534	0.0049138	0.008576	0	-0.07664	-0.14821	0.33064	0.45047	14.40284	71	3.8	77	-0.126064	-0.12579	0.67012	0.47096	14.81638	71	3.94	77	0.0	0	0.0	0	0.0	0	0.0	0
1	1	0	318	60	406.08163	50.74706669999432	50.74411159999727	0.0060163	0.0029551	0	-0.072304	-0.15955	0.33043	0.45036	14.269	71	3.82	77	-0.12568	-0.13139	0.67031	0.47129	15.49008	71	3.91	77	0.0	0	0.0	0	0.0	0	0.0	0
1	1	0	319	60	406.09799	50.76704099999915	50.760477199997695	0.0050163	0.0065638	0	-0.102736	-0.15691	0.32956	0.44979	13.80587	71	3.86	77	-0.115008	-0.16383	0.66981	0.47088	15.42457	71	3.84	77	0.0	0	0.0	0	0.0	0	0.0	0
1	1	0	320	60	406.11429	50.78295470000012	50.77677229999972	0.0050076	0.0061824	0	-0.127072	-0.14474	0.3296	0.44948	14.23127	71	3.86	77	-0.123584	-0.17484	0.66975	0.47028	15.3372	71	3.98	77	0.0	0	0.0	0	0.0	0	0.0	0
1	1	0	321	60	406.1308	50.797979700000724	50.793271800001094	0.0050811	0.0047079	0	-0.133344	-0.13162	0.3295	0.44923	13.97558	71	3.86	77	-0.124384	-0.16353	0.66988	0.47048	15.58535	71	3.96	77	0.0	0	0.0	0	0.0	0	0.0	0
1	1	0	322	60	406.14737	50.812885799998185	50.809811699997226	0.0049793	0.0030741	0	-0.036544	-0.14278	0.32892	0.44901	14.08139	71	3.78	77	-0.085152	-0.10559	0.66951	0.4696	15.34253	71	3.91	77	0.0	0	0.0	0	0.0	0	0.0	0
1	1	0	323	60	406.16373	50.83281729999726	50.826195999994525	0.0050083	0.0066213	0	-0.038448	-0.06754	0.33033	0.44806	14.06309	71	3.82	77	-0.002208	-0.08246	0.67135	0.46845	15.09591	71	3.88	77	0.0	0	0.0	0	0.0	0	0.0	0
1	1	0	328	60	406.18011	50.84774910000124	50.84256610000011	0.0049199	0.005183	0	-0.04008	-0.06129	0.33033	0.44807	14.10146	71	3.81	77	-0.001328	-0.07674	0.67121	0.46865	15.24056	71	3.85	77	0.0	0	0.0	0	0.0	0	0.0	0
1	1	0	329	60	406.19644	50.862761199998204	50.858914000004006	0.0050296998	0.0038472	0	-0.023616	-0.11058	0.32983	0.4478	14.19542	71	3.88	77	-0.041696	-0.11348	0.67111	0.46796	15.02434	71	3.81	77	0.0	0	0.0	0	0.0	0	0.0	0
1	1	0	330	60	406.21295	50.88265549999778	50.87541529999726	0.004951	0.0072402	0	-0.050752	-0.13633	0.32971	0.44772	14.4638	71	3.89	77	-0.043584	-0.08555	0.67034	0.46831	15.55237	71	3.95	77	0.0	0	0.0	0	0.0	0	0.0	0
1	1	0	331	60	406.22937	50.89761449999787	50.891832099994645	0.0049827	0.0057824	0	-0.046736	-0.14875	0.32971	0.44773	14.48113	71	3.89	77	-0.044656	-0.09839	0.6705	0.4683	15.60301	71	3.87	77	0.0	0	0.0	0	0.0	0	0.0	0
1	1	0	332	60	406.24576	50.912576299997454	50.908227899999474	0.0049748	0.0043484	0	-0.031856	-0.16712	0.32892	0.44745	14.37658	71	3.92	77	-0.06088	-0.15375	0.66991	0.46791	15.47916	71	3.93	77	0.0	0	0.0	0	0.0	0	0.0	0
1	1	0	333	60	406.26218	50.92752369999653	50.92465579999407	0.0046679	0.0028679	0	-0.006576	-0.14076	0.32863	0.4478	14.70949	71	3.95	77	-0.008384	-0.11613	0.66983	0.46818	15.84322	71	3.94	77	0.0	0	0.0	0	0.0	0	0.0	0
1	1	0	334	60	406.27869	50.94756139999663	50.94116249999206	0.0050415	0.0063989	0	-0.005168	-0.14658	0.32856	0.44774	14.46908	71	3.96	77	-0.009264	-0.12183	0.66991	0.468	15.58577	71	3.95	77	0.0	0	0.0	0	0.0	0	0.0	0
1	1	0	335	60	406.29501	50.96245849999832	50.957483799997135	0.0049839	0.0049747	0	-0.015824	-0.12772	0.32782	0.448	14.39222	71	3.94	77	5.6E-4	-0.18485	0.66912	0.46822	15.55699	71	3.94	77	0.0	0	0.0	0	0.0	0	0.0	0
1	1	0	336	60	406.31155	50.97750889999588	50.97401369999716	0.0050474	0.0034952	0	0.012592	-0.19776	0.32736	0.44827	14.58904	71	3.88	77	-0.037696	-0.11547	0.66868	0.46826	15.79351	71	3.99	77	0.0	0	0.0	0	0.0	0	0.0	0
1	1	0	337	60	406.32797	50.99237599999469	50.9904419999948	0.004985	0.001934	0	0.012592	-0.19776	0.32736	0.4482	14.47807	71	3.9	77	-0.037696	-0.11547	0.66909	0.46797	15.40051	71	4.06	77	0.0	0	0.0	0	0.0	0	0.0	0
1	1	0	338	60	406.34442	51.01232869999512	51.00687919999473	0.0049965	0.0054495	0	-0.004832	-0.14463	0.3267	0.44914	14.52758	71	3.97	77	-0.029248	-0.17201	0.6681	0.46881	15.85171	71	3.99	77	0.0	0	0.0	0	0.0	0	0.0	0
1	1	0	339	60	406.36081	51.02732229999674	51.023285999996006	0.0049858	0.0040363	0	-0.020944	-0.14646	0.3265	0.44902	14.67968	71	4.07	77	-0.025776	-0.14039	0.66809	0.46842	16.07385	71	3.97	77	0.0	0	0.0	0	0.0	0	0.0	0
1	1	0	340	60	406.37732	51.04731499999616	51.03978249999636	0.0050591	0.0075325	0	-0.022528	-0.14064	0.3266	0.44898	14.84456	71	4.03	77	-0.025072	-0.1349	0.66822	0.46815	15.66603	71	4.01	77	0.0	0	0.0	0	0.0	0	0.0	0
1	1	0	341	60	406.39374	51.0621805999981	51.05621429999883	0.0049363	0.0059663	0	-0.23328	-0.19211	0.32198	0.45125	14.92761	71	4.0	77	-0.157744	-0.16828	0.66345	0.46911	15.31995	71	4.01	77	0.0	0	0.0	0	0.0	0	0.0	0
1	1	0	342	60	406.41019	51.07816779999848	51.07265570000163	0.0059716	0.0055121	0	-0.405792	-0.15534	0.31713	0.45202	15.57551	71	3.9	77	-0.390112	-0.1745	0.6579	0.46934	16.48966	71	4.22	77	0.0	0	0.0	0	0.0	0	0.0	0
1	1	0	343	60	406.42648	51.09310269999696	51.08894209999562	0.0049556	0.0041606	0	-0.405792	-0.15534	0.31685	0.45185	15.09067	71	3.89	77	-0.390112	-0.1745	0.65775	0.47001	16.4291	71	4.12	77	0.0	0	0.0	0	0.0	0	0.0	0
1	1	0	344	60	406.44305	51.1130406999946	51.105528599990066	0.0049227998	0.0075121	0	-0.673744	-0.20615	0.31037	0.4537	15.72742	71	4.0	77	-0.772592	-0.24016	0.64978	0.47153	16.56277	71	4.19	77	0.0	0	0.0	0	0.0	0	0.0	0
1	1	0	345	60	406.45938	51.12804630000028	51.12185500000487	0.0050071	0.0061913	0	-0.69648	-0.20747	0.31018	0.45358	15.79577	71	4.09	77	-0.753968	-0.22949	0.64989	0.47122	16.56514	71	4.3	77	0.0	0	0.0	0	0.0	0	0.0	0
1	1	0	346	60	406.47571	51.14295419999689	51.13816619999852	0.0049644	0.004788	0	-0.687264	-0.21243	0.30996	0.45372	15.82115	71	4.08	77	-0.739408	-0.23828	0.64984	0.47127	16.44796	71	4.3	77	0.0	0	0.0	0	0.0	0	0.0	0
1	1	0	347	60	406.49222	51.15798309999809	51.15470610000193	0.0050079	0.003277	0	-0.692608	-0.21875	0.30969	0.45346	15.46694	71	3.96	77	-0.733968	-0.23309	0.64975	0.47106	16.41992	71	4.2	77	0.0	0	0.0	0	0.0	0	0.0	0
1	1	0	348	60	406.50861	51.177891100000124	51.171078899998975	0.0049878	0.0068122	0	-0.699888	-0.23465	0.30954	0.45328	15.67624	71	4.01	77	-0.739584	-0.24462	0.6498	0.47133	16.42967	71	4.27	77	0.0	0	0.0	0	0.0	0	0.0	0
1	1	0	349	60	406.52499	51.19282559999556	51.18746149999788	0.0049617	0.0053641	0	-0.699856	-0.23468	0.30957	0.45334	15.63353	71	4.05	77	-0.747056	-0.24021	0.6498	0.47133	16.42967	71	4.27	77	0.0	0	0.0	0	0.0	0	0.0	0
1	1	0	350	60	406.54153	51.20781100000022	51.20400459999655	0.0049399	0.0038064	0	-0.664736	-0.21862	0.30955	0.45358	15.29527	71	4.02	77	-0.76216	-0.23003	0.64975	0.47106	16.41992	71	4.2	77	0.0	0	0.0	0	0.0	0	0.0	0
1	1	0	355	60	406.55801	51.222789999999804	51.22049029999471	0.0050137	0.0022997	0	-0.678976	-0.19788	0.30936	0.45307	15.53472	71	3.99	77	-0.751024	-0.22546	0.65003	0.47071	16.38245	71	4.19	77	0.0	0	0.0	0	0.0	0	0.0	0
1	1	0	356	60	406.57437	51.24273629999516	51.23684030000004	0.0049942	0.005896	0	-0.696992	-0.18772	0.30936	0.45307	15.53472	71	3.99	77	-0.765296	-0.21668	0.64985	0.47092	16.41989	71	4.27	77	0.0	0	0.0	0	0.0	0	0.0	0
1	1	0	357	60	406.59076	51.257709199999226	51.25323000000208	0.0049859	0.0044792	0	-0.780048	-0.1951	0.30919	0.45423	15.49376	71	4.09	77	-0.785856	-0.25464	0.64979	0.47165	16.51019	71	4.15	77	0.0	0	0.0	0	0.0	0	0.0	0
1	1	0	358	60	406.60718	51.272745899994334	51.26966099999845	0.0050764	0.0030849	0	-0.741936	-0.36798	0.30984	0.4585	15.84923	71	4.07	77	-0.797072	-0.36995	0.64933	0.47622	16.46491	71	4.13	77	0.0	0	0.0	0	0.0	0	0.0	0
1	1	0	359	60	406.62366	51.29359999999724	51.28613609999593	0.0049943	0.0074639	0	-0.7324	-0.37099	0.30982	0.45843	15.85236	71	4.05	77	-0.789392	-0.37259	0.64937	0.4763	16.55239	71	4.13	77	0.0	0	0.0	0	0.0	0	0.0	0
1	1	0	360	60	406.6402	51.308574099995894	51.302667799995106	0.0049344	0.0059063	0	-0.73568	-0.36109	0.3096	0.45804	15.68419	71	3.96	77	-0.774752	-0.36802	0.64983	0.47564	16.07486	71	4.14	77	0.0	0	0.0	0	0.0	0	0.0	0
1	1	0	361	60	406.65649	51.32347589999699	51.31896669999696	0.004952	0.0045092	0	-0.702704	-0.35548	0.30973	0.45795	15.85583	71	3.95	77	-0.742032	-0.35565	0.64988	0.47518	16.07673	71	4.04	77	0.0	0	0.0	0	0.0	0	0.0	0
1	1	0	362	60	406.673	51.34346749999531	51.33547319999343	0.0049782	0.0079943	0	-0.693296	-0.35873	0.30973	0.45795	15.85583	71	3.95	77	-0.72736	-0.36146	0.65008	0.47547	15.951	71	4.07	77	0.0	0	0.0	0	0.0	0	0.0	0
1	1	0	363	60	406.68942	51.35839579999447	51.351895799991325	0.0049254	0.0065	0	-0.6852	-0.34307	0.31003	0.4576	15.4332	71	4.05	77	-0.745248	-0.34787	0.65049	0.47498	15.96896	71	3.97	77	0.0	0	0.0	0	0.0	0	0.0	0
1	1	0	364	60	406.7059	51.37338729999465	51.36837509999168	0.0049821	0.0050122	0	-0.645072	-0.33459	0.30994	0.45747	15.61064	71	4.04	77	-0.7216	-0.34148	0.65071	0.47496	15.60125	71	4.03	77	0.0	0	0.0	0	0.0	0	0.0	0
1	1	0	365	60	406.72232	51.388355399998545	51.38478430000396	0.0049879	0.0035711	0	-0.635968	-0.33824	0.31004	0.45746	15.67438	71	4.07	77	-0.71416	-0.34471	0.65103	0.47507	16.14166	71	3.98	77	0.0	0	0.0	0	0.0	0	0.0	0
1	1	0	366	60	406.73868	51.408289899998636	51.401132999992114	0.0050056	0.0071569	0	-0.303328	-0.30826	0.31993	0.45445	15.23504	71	3.93	77	-0.223856	-0.34957	0.6612	0.47276	15.24099	71	4.14	77	0.0	0	0.0	0	0.0	0	0.0	0
1	1	0	367	60	406.755	51.42322419999982	51.41748959999677	0.005016	0.0057346	0	0.023648	-0.28365	0.32968	0.4507	14.20784	71	3.8	77	0.077424	-0.25771	0.66975	0.4701	15.3062	71	4.12	77	0.0	0	0.0	0	0.0	0	0.0	0
1	1	0	368	60	406.77148	51.43820919999416	51.43394759999501	0.0050092	0.0042616	0	0.02112	-0.27385	0.32894	0.45124	14.50774	71	3.81	77	0.083728	-0.24385	0.66945	0.47041	15.92668	71	4.0	77	0.0	0	0.0	0	0.0	0	0.0	0
1	1	0	369	60	406.78799	51.45314449999569	51.45047849999537	0.0049827	0.002666	0	0.461008	-0.26103	0.34214	0.45124	15.69712	71	4.05	77	0.524192	-0.28092	0.68052	0.47101	15.9075	71	3.97	77	0.0	0	0.0	0	0.0	0	0.0	0
1	1	0	370	60	406.80444	51.473076800000854	51.466902400003164	0.0049709	0.0061744	0	0.472752	-0.2214	0.34268	0.45113	15.99409	71	4.05	77	0.517296	-0.20956	0.68122	0.47119	16.13696	71	4.07	77	0.0	0	0.0	0	0.0	0	0.0	0
1	1	0	371	60	406.82092	51.49307379999664	51.48338739999599	0.0049835	0.0096864	0	0.480416	-0.21191	0.34285	0.45103	15.58525	71	4.07	77	0.529808	-0.20081	0.68139	0.47101	16.08379	71	4.04	77	0.0	0	0.0	0	0.0	0	0.0	0
1	1	0	372	60	406.83722	51.507998499997484	51.499680900000385	0.0049089	0.0083176	0	0.492672	-0.24121	0.34407	0.45005	15.43504	71	4.11	77	0.523712	-0.26592	0.68337	0.47097	15.90876	71	4.05	77	0.0	0	0.0	0	0.0	0	0.0	0
1	1	0	373	60	406.8537	51.52295809999487	51.51616039999499	0.0049408	0.0067977	0	0.497312	-0.24109	0.34462	0.44994	15.39394	71	4.19	77	0.52528	-0.22798	0.68418	0.47098	16.23944	71	4.05	77	0.0	0	0.0	0	0.0	0	0.0	0
1	1	0	374	60	406.87006	51.53788820000045	51.53253129999939	0.004895	0.0053569	0	0.49232	-0.24657	0.34461	0.44998	15.44353	71	4.19	77	0.511008	-0.23728	0.68418	0.47098	16.23944	71	4.05	77	0.0	0	0.0	0	0.0	0	0.0	0
1	1	0	375	60	406.88647	51.552880899995216	51.54895809999289	0.0049405	0.0039228	0	0.501856	-0.27247	0.34508	0.44932	15.27579	71	4.12	77	0.522672	-0.30746	0.68505	0.4713	16.07719	71	4.01	77	0.0	0	0.0	0	0.0	0	0.0	0
1	1	0	376	60	406.90286	51.57283169999573	51.56533199999831	0.0050239	0.0074997	0	0.501824	-0.27337	0.34518	0.44956	15.22309	71	4.22	77	0.549216	-0.30966	0.68508	0.47144	16.0586	71	3.98	77	0.0	0	0.0	0	0.0	0	0.0	0
1	1	0	381	60	406.91934	51.58778439999878	51.58180580000044	0.0049742	0.0059786	0	0.49752	-0.27767	0.34511	0.4496	15.42862	71	4.2	77	0.549216	-0.30966	0.68503	0.47164	16.04785	71	4.03	77	0.0	0	0.0	0	0.0	0	0.0	0
1	1	0	382	60	406.93579	51.60273949999828	51.59826900000189	0.0050116	0.0044705	0	0.46296	-0.30039	0.34487	0.44929	15.36205	71	4.13	77	0.547344	-0.26215	0.68506	0.47171	15.9739	71	4.02	77	0.0	0	0.0	0	0.0	0	0.0	0
1	1	0	383	60	406.95227	51.617674199995236	51.6147404000003	0.0049466	0.0029338	0	0.470064	-0.3191	0.3449	0.45013	15.85666	71	4.04	77	0.550176	-0.18728	0.68502	0.47177	15.96709	71	4.03	77	0.0	0	0.0	0	0.0	0	0.0	0
1	1	0	384	60	406.96869	51.63765279999643	51.63117489999422	0.0049838	0.0064779	0	0.474032	-0.31535	0.3449	0.45013	15.85666	71	4.04	77	0.550176	-0.18728	0.68506	0.47173	15.97506	71	4.02	77	0.0	0	0.0	0	0.0	0	0.0	0
1	1	0	385	60	406.98517	51.652639199994155	51.64764859999559	0.0049391	0.0049906	0	0.622256	-0.07789	0.34809	0.44475	15.96971	71	4.07	77	0.640096	-0.06265	0.68661	0.46587	14.98327	71	4.12	77	0.0	0	0.0	0	0.0	0	0.0	0
1	1	0	386	60	407.00153	51.667573699996865	51.66400929999509	0.0049557	0.0035644	0	0.636336	-0.09854	0.34802	0.44488	16.00594	71	4.12	77	0.593488	-0.0537	0.68694	0.46648	15.33108	71	4.09	77	0.0	0	0.0	0	0.0	0	0.0	0
1	1	0	387	60	407.01801	51.682561999994505	51.68046339999273	0.0049612	0.0020986	0	0.624896	-0.11125	0.34808	0.44488	15.90612	71	4.13	77	0.579072	-0.06658	0.68734	0.46592	15.18138	71	3.9	77	0.0	0	0.0	0	0.0	0	0.0	0
1	1	0	388	60	407.03445	51.702514199998404	51.696931399994355	0.0049757	0.0055828	0	0.615232	-0.12795	0.34804	0.44469	15.88983	71	4.05	77	0.608912	-0.09355	0.68765	0.46607	15.3075	71	4.01	77	0.0	0	0.0	0	0.0	0	0.0	0
1	1	0	389	60	407.05078	51.71749319999799	51.71326299999782	0.0050482	0.0042302	0	0.556592	-0.12927	0.34811	0.44485	15.95638	71	4.13	77	0.612944	-0.10067	0.68768	0.46603	15.29355	71	4.01	77	0.0	0	0.0	0	0.0	0	0.0	0
1	1	0	390	60	407.06732	51.73741419999715	51.72980699999607	0.0049675	0.0076072	0	0.556592	-0.12927	0.34811	0.44485	15.95638	71	4.13	77	0.612944	-0.10067	0.68762	0.46603	15.23635	71	4.04	77	0.0	0	0.0	0	0.0	0	0.0	0
1	1	0	391	60	407.08371	51.75234609999461	51.74619249999523	0.0049534	0.0061536	0	0.563056	-0.11614	0.34821	0.44447	15.83711	71	4.04	77	0.626752	-0.08383	0.68772	0.46592	15.25642	71	4.1	77	0.0	0	0.0	0	0.0	0	0.0	0
1	1	0	392	60	407.10037	51.768327599995246	51.762836099995184	0.0058993	0.0054915	0	0.568976	-0.10488	0.34819	0.44376	15.84248	71	4.03	77	0.641696	-0.10333	0.68786	0.46562	15.07982	71	4.12	77	0.0	0	0.0	0	0.0	0	0.0	0
1	1	0	393	60	407.11664	51.783298899994406	51.77910399999382	0.0049704	0.0041949	0	0.568976	-0.10488	0.34821	0.44386	15.73088	71	4.08	77	0.64968	-0.09732	0.68764	0.46592	15.11155	71	4.18	77	0.0	0	0.0	0	0.0	0	0.0	0
1	1	0	394	60	407.133	51.80324489999475	51.79548339999019	0.0049666	0.0077615	0	0.549072	-0.08571	0.34857	0.44261	15.92596	71	4.1	77	0.660496	-0.01857	0.68785	0.46365	14.97704	71	4.19	77	0.0	0	0.0	0	0.0	0	0.0	0
1	1	0	395	60	407.14941	51.818168999998306	51.81188570000086	0.00499	0.0062833	0	0.5512	-0.06781	0.34849	0.44247	16.08641	71	4.1	77	0.67712	-0.06639	0.68785	0.46365	14.97704	71	4.19	77	0.0	0	0.0	0	0.0	0	0.0	0
1	1	0	400	60	407.16589	51.834193399998185	51.82836580000003	0.005078	0.0058276	0	0.556128	-0.06084	0.34849	0.44247	16.08641	71	4.1	77	0.67712	-0.06639	0.68781	0.46374	15.10021	71	4.18	77	0.0	0	0.0	0	0.0	0	0.0	0
1	1	0	401	60	407.18225	51.85013049999543	51.84472999999707	0.0050077	0.0054005	0	0.594384	-0.07675	0.34867	0.44225	15.92021	71	4.02	77	0.625664	-0.05742	0.68815	0.46362	15.06014	71	4.23	77	0.0	0	0.0	0	0.0	0	0.0	0
1	1	0	402	60	407.19861	51.86607229999936	51.861077199995634	0.0060147	0.0049951	0	0.598096	-0.04963	0.34878	0.442	16.22591	71	4.04	77	0.648	-0.05748	0.68824	0.46392	15.42584	71	4.23	77	0.0	0	0.0	0	0.0	0	0.0	0
1	1	0	403	60	407.21515	51.88104519999615	51.877627699992445	0.0050072	0.0034175	0	0.598064	-0.04967	0.34888	0.44196	16.00597	71	4.05	77	0.647968	-0.05751	0.68841	0.46364	15.26136	71	4.17	77	0.0	0	0.0	0	0.0	0	0.0	0
1	1	0	404	60	407.23166	51.9009689999948	51.894125899991195	0.0049539	0.0068431	0	0.609952	-0.04533	0.3489	0.44193	16.07389	71	4.0	77	0.62904	-0.03593	0.6889	0.46366	15.42545	71	4.03	77	0.0	0	0.0	0	0.0	0	0.0	0
1	1	0	405	60	407.24792	51.915938999998616	51.91039699999965	0.0049364	0.005542	0	0.637104	-0.08729	0.34926	0.44179	16.27151	71	4.07	77	0.65952	-0.05842	0.6892	0.46369	15.35754	71	4.13	77	0.0	0	0.0	0	0.0	0	0.0	0
1	1	0	406	60	407.26456	51.93186659999628	51.927029599995876	0.0059722	0.004837	0	0.637104	-0.08729	0.34926	0.44179	16.27151	71	4.07	77	0.65952	-0.05842	0.68917	0.46372	15.53916	71	4.13	77	0.0	0	0.0	0	0.0	0	0.0	0
1	1	0	407	60	407.28082	51.946821999998065	51.94330329999502	0.0049358	0.0035187	0	0.636272	-0.12277	0.34936	0.44219	15.78478	71	4.02	77	0.6764	-0.06901	0.68942	0.46398	15.50834	71	4.12	77	0.0	0	0.0	0	0.0	0	0.0	0
1	1	0	408	60	407.29733	51.96680149999884	51.95980810000037	0.004977	0.0069934	0	0.591472	-0.09323	0.34955	0.4419	15.86562	71	4.11	77	0.682656	-0.07456	0.68947	0.46399	15.4878	71	4.1	77	0.0	0	0.0	0	0.0	0	0.0	0
1	1	0	409	60	407.31369	51.98173390000011	51.976159600002575	0.0049582	0.0055743	0	0.586144	-0.09978	0.34959	0.44181	15.92171	71	4.07	77	0.6744	-0.08081	0.68947	0.46397	15.4445	71	4.1	77	0.0	0	0.0	0	0.0	0	0.0	0
1	1	0	410	60	407.32999	51.99669319999521	51.992464799994195	0.0049422	0.0042284	0	0.579248	-0.04685	0.34934	0.44134	16.07702	71	3.99	77	0.599328	-0.04469	0.68959	0.46337	15.19159	71	4.32	77	0.0	0	0.0	0	0.0	0	0.0	0
1	1	0	411	60	407.34656	52.01169039999513	52.00903309999558	0.0047884	0.0026573	0	0.487728	-0.02258	0.34917	0.44065	16.27419	71	4.1	77	0.601296	-0.02923	0.68883	0.46279	15.39119	71	4.27	77	0.0	0	0.0	0	0.0	0	0.0	0
1	1	0	412	60	407.36292	52.031637299995054	52.025386999994225	0.0049966	0.0062503	0	0.48344	-0.03024	0.34914	0.4408	16.23846	71	4.15	77	0.593712	-0.03628	0.6889	0.46268	15.31665	71	4.26	77	0.0	0	0.0	0	0.0	0	0.0	0
1	1	0	413	60	407.37927	52.04661059999489	52.041754299993045	0.0050519	0.0048563	0	0.543152	-0.07063	0.34983	0.44018	16.09392	71	4.06	77	0.5468	-0.04143	0.68967	0.46275	15.49766	71	4.04	77	0.0	0	0.0	0	0.0	0	0.0	0
1	1	0	414	60	407.39581	52.06654649999837	52.05828339999425	0.0049569	0.0082631	0	0.571392	-0.08463	0.3501	0.43974	16.10088	71	4.08	77	0.576256	-0.03569	0.68987	0.4624	15.48987	71	4.19	77	0.0	0	0.0	0	0.0	0	0.0	0
1	1	0	415	60	407.4122	52.081465299997944	52.07468339999468	0.0049493	0.0067819	0	0.571392	-0.08463	0.35013	0.43963	16.13783	71	4.11	77	0.576256	-0.03569	0.68971	0.46236	15.44823	71	4.26	77	0.0	0	0.0	0	0.0	0	0.0	0
1	1	0	416	60	407.42868	52.09641389999888	52.09114299999783	0.0049964	0.0052709	0	0.51208	-0.07938	0.35068	0.43929	16.08676	71	4.0	77	0.562896	-0.02606	0.69076	0.46224	15.13935	71	4.15	77	0.0	0	0.0	0	0.0	0	0.0	0
1	1	0	417	60	407.44501	52.11135469999863	52.10749219999707	0.0049562	0.0038625	0	0.522544	-0.06893	0.35085	0.43911	16.21288	71	4.02	77	0.582208	0.00341	0.69106	0.46168	15.36183	71	4.02	77	0.0	0	0.0	0	0.0	0	0.0	0
1	1	0	418	60	407.46149	52.13132969999424	52.12395059999835	0.0049867	0.0073791	0	0.527312	-0.06176	0.35085	0.43911	16.21288	71	4.02	77	0.5896	0.01095	0.691	0.46179	15.49393	71	4.01	77	0.0	0	0.0	0	0.0	0	0.0	0
1	1	0	419	60	407.47794	52.14626159999898	52.140418899994984	0.0049873	0.0058427	0	0.516288	-0.06014	0.35094	0.43928	16.01668	71	4.0	77	0.563728	0.00959	0.69135	0.46168	15.18958	71	3.87	77	0.0	0	0.0	0	0.0	0	0.0	0
1	1	0	420	60	407.49435	52.16223689999606	52.156835100002354	0.0060033	0.0054018	0	0.530304	-0.04904	0.35104	0.43909	16.03717	71	4.08	77	0.553424	0.02761	0.69122	0.46197	15.48583	71	3.94	77	0.0	0	0.0	0	0.0	0	0.0	0
1	1	0	421	60	407.51089	52.17724289999751	52.173360799992224	0.004975	0.0038821	0	0.534976	-0.04188	0.351	0.43911	16.13252	71	4.07	77	0.566976	0.04277	0.69126	0.46197	15.56094	71	3.9	77	0.0	0	0.0	0	0.0	0	0.0	0
1	1	0	422	60	407.52728	52.198173299999326	52.18975180000416	0.006004	0.0084215	0	0.533408	0.00101	0.35095	0.43942	16.02701	71	4.0	77	0.588144	0.03109	0.69122	0.46196	15.10034	71	4.07	77	0.0	0	0.0	0	0.0	0	0.0	0
1	1	0	423	60	407.54376	52.21316709999519	52.20622129999538	0.0050031	0.0069458	0	0.546112	0.01197	0.35095	0.43949	15.9891	71	4.03	77	0.585712	0.05767	0.69108	0.4623	15.35169	71	4.0	77	0.0	0	0.0	0	0.0	0	0.0	0
1	1	0	428	60	407.56021	52.229198299995915	52.22266449999006	0.0060898	0.0065338	0	0.550784	0.01963	0.35095	0.43949	15.9891	71	4.03	77	0.585712	0.05767	0.69125	0.46176	15.22329	71	3.91	77	0.0	0	0.0	0	0.0	0	0.0	0
1	1	0	429	60	407.57657	52.244031299997005	52.239034999998694	0.0049505	0.0049963	0	0.555152	-0.02737	0.35103	0.44003	15.92589	71	4.03	77	0.594048	0.00576	0.69096	0.46243	15.20818	71	4.09	77	0.0	0	0.0	0	0.0	0	0.0	0
1	1	0	430	60	407.59299	52.259025499995914	52.255455899998196	0.0050188	0.0035696	0	0.55576	-0.07048	0.35106	0.44063	16.17471	71	4.04	77	0.606304	-0.01438	0.69117	0.46295	15.4116	71	4.07	77	0.0	0	0.0	0	0.0	0	0.0	0
1	1	0	431	60	407.60941	52.2789416999949	52.27187709999998	0.0048739	0.0070646	0	0.550944	-0.07717	0.35106	0.44063	16.17471	71	4.04	77	0.606304	-0.01438	0.69117	0.46295	15.4116	71	4.07	77	0.0	0	0.0	0	0.0	0	0.0	0
1	1	0	432	60	407.62589	52.293929699997534	52.288364200001524	0.0049932	0.0055655	0	0.583904	-0.04929	0.35152	0.44022	15.94466	71	4.04	77	0.639328	-0.00753	0.69133	0.46318	15.16222	71	4.07	77	0.0	0	0.0	0	0.0	0	0.0	0
1	1	0	433	60	407.64221	52.30886219999957	52.3046875	0.0049821	0.0041747	0	0.556608	0.07362	0.35225	0.43831	15.88508	71	4.0	77	0.63864	0.05228	0.6923	0.46116	15.16983	71	4.2	77	0.0	0	0.0	0	0.0	0	0.0	0
1	1	0	434	60	407.65854	52.32380089999788	52.32101689999399	0.0049549	0.002784	0	0.55664	0.07365	0.35231	0.43866	15.45723	71	4.22	77	0.63136	0.04479	0.6923	0.46148	15.21071	71	4.33	77	0.0	0	0.0	0	0.0	0	0.0	0
1	1	0	435	60	407.67517	52.34377870000026	52.33762540000316	0.0049737	0.0061533	0	0.624704	0.45544	0.35388	0.42795	15.64834	71	4.41	77	0.59752	0.41176	0.69242	0.44912	13.67225	71	3.78	77	0.0	0	0.0	0	0.0	0	0.0	0
1	1	0	436	60	407.69156	52.35881349999545	52.354035399992426	0.0050635	0.0047781	0	0.602592	0.45582	0.35373	0.4283	15.78785	71	4.66	77	0.550352	0.39835	0.69144	0.45148	14.4799	71	4.62	77	0.0	0	0.0	0	0.0	0	0.0	0
1	1	0	437	60	407.70795	52.374685099995986	52.37041129999125	0.0059878	0.0042738	0	0.592176	0.42913	0.35358	0.42769	15.8666	71	4.49	77	0.544176	0.3862	0.69198	0.44854	13.57013	71	3.8	77	0.0	0	0.0	0	0.0	0	0.0	0
1	1	0	438	60	407.72433	52.38964190000115	52.386816699996416	0.0049537	0.0028252	0	0.567632	0.46567	0.3535	0.42668	15.74723	71	4.53	77	0.60328	0.40313	0.69267	0.4485	13.4667	71	3.71	77	0.0	0	0.0	0	0.0	0	0.0	0
1	1	0	439	60	407.74078	52.409618499994394	52.40324789999431	0.0049152	0.0063706	0	0.559744	0.39133	0.353	0.42714	15.87192	71	4.68	77	0.610304	0.41998	0.69262	0.44823	13.54324	71	3.76	77	0.0	0	0.0	0	0.0	0	0.0	0
1	1	0	440	60	407.75723	52.42559379999875	52.419681799998216	0.0050215	0.005912	0	0.569392	0.41674	0.35317	0.42704	15.86874	71	4.64	77	0.616896	0.43224	0.69262	0.44823	13.54324	71	3.77	77	0.0	0	0.0	0	0.0	0	0.0	0
1	1	0	441	60	407.77368	52.44056009999622	52.4361626999962	0.0049687	0.0043974	0	0.615872	0.45887	0.35291	0.42601	15.97664	71	4.39	77	0.610224	0.42748	0.69258	0.44784	13.33065	71	3.72	77	0.0	0	0.0	0	0.0	0	0.0	0
1	1	0	442	60	407.79013	52.46051559999614	52.452618799994525	0.0050198	0.0078968	0	0.600272	0.45692	0.35261	0.42608	16.08901	71	4.46	77	0.613184	0.41441	0.69271	0.44817	13.69369	71	3.76	77	0.0	0	0.0	0	0.0	0	0.0	0
1	1	0	443	60	407.80652	52.475475899998855	52.46899349999876	0.0050187	0.0064824	0	0.5952	0.44385	0.35261	0.42608	16.08901	71	4.45	77	0.60656	0.4023	0.69277	0.44796	13.43935	71	3.78	77	0.0	0	0.0	0	0.0	0	0.0	0
1	1	0	444	60	407.823	52.4903759000008	52.485461300006136	0.0049452	0.0049146	0	0.5688	0.41228	0.35267	0.42593	15.93707	71	4.35	77	0.605856	0.37456	0.6928	0.44794	13.48545	71	3.78	77	0.0	0	0.0	0	0.0	0	0.0	0
1	1	0	449	60	407.83942	52.50535339999624	52.50188519999938	0.0049688	0.0034682	0	0.565264	0.3976	0.35248	0.42645	15.58172	71	4.59	77	0.5968	0.37335	0.69271	0.44817	13.69369	71	3.76	77	0.0	0	0.0	0	0.0	0	0.0	0
1	1	0	450	60	407.85574	52.52530860000115	52.518220400001155	0.0050128	0.0070882	0	0.556192	0.37394	0.3526	0.42588	15.85828	71	4.33	77	0.584368	0.35135	0.69271	0.44817	13.69369	71	3.76	77	0.0	0	0.0	0	0.0	0	0.0	0
1	1	0	451	60	407.87231	52.540270799996506	52.53478489999543	0.0050193	0.0054859	0	0.5788	0.32495	0.3521	0.42698	15.58669	71	4.51	77	0.578352	0.37054	0.69268	0.44848	13.49105	71	3.7	77	0.0	0	0.0	0	0.0	0	0.0	0
1	1	0	452	60	407.88864	52.55619619999925	52.55110649999551	0.0049164	0.0050897	0	0.567424	0.35228	0.35222	0.42721	16.12409	71	4.56	77	0.514288	0.33552	0.6926	0.44937	13.74325	71	3.84	77	0.0	0	0.0	0	0.0	0	0.0	0
1	1	0	453	60	407.90506	52.5711725000001	52.56752140000026	0.0049801	0.0036511	0	0.57264	0.36518	0.35241	0.4278	15.80889	71	4.84	77	0.520544	0.34757	0.69264	0.44932	13.66945	71	3.85	77	0.0	0	0.0	0	0.0	0	0.0	0
1	1	0	454	60	407.92154	52.591152499997406	52.5839999000018	0.0050358	0.0071526	0	0.346144	0.41161	0.34704	0.42775	15.43732	71	4.29	77	0.387744	0.41161	0.68733	0.45067	15.04797	71	4.43	77	0.0	0	0.0	0	0.0	0	0.0	0
1	1	0	455	60	407.93784	52.606065499996475	52.60031599999638	0.0049615	0.0057495	0	0.241856	0.41478	0.34306	0.42772	15.83199	71	4.29	77	0.24808	0.40424	0.68302	0.44996	16.12227	71	4.19	77	0.0	0	0.0	0	0.0	0	0.0	0
1	1	0	456	60	407.95425	52.621016999997664	52.6167420999991	0.0049847	0.0042749	0	0.24296	0.42547	0.34335	0.42765	16.18508	71	4.19	77	0.2508	0.41441	0.68308	0.45051	15.88575	71	4.39	77	0.0	0	0.0	0	0.0	0	0.0	0
1	1	0	457	60	407.97073	52.63597779999691	52.633219099996495	0.0049557	0.0027587	0	0.15328	0.41986	0.34085	0.4277	15.69467	71	4.17	77	0.144704	0.40482	0.68033	0.44971	15.99442	71	4.48	77	0.0	0	0.0	0	0.0	0	0.0	0
1	1	0	458	60	407.98718	52.65593819999776	52.649646899997606	0.004994	0.0062913	0	0.148032	0.41621	0.34055	0.42747	15.90401	71	4.18	77	0.133104	0.39154	0.68018	0.44954	16.25705	71	4.54	77	0.0	0	0.0	0	0.0	0	0.0	0
1	1	0	459	60	408.00363	52.67096649999439	52.66610729999957	0.0049867	0.0048592	0	0.148032	0.41621	0.34055	0.42747	15.90401	71	4.18	77	0.133104	0.39154	0.68003	0.44971	16.44901	71	4.53	77	0.0	0	0.0	0	0.0	0	0.0	0
1	1	0	460	60	408.02002	52.6908356999993	52.682501199997205	0.0049531	0.0083345	0	0.166224	0.4561	0.34035	0.4273	15.93006	71	4.32	77	0.185296	0.36262	0.68	0.44938	15.99875	71	4.49	77	0.0	0	0.0	0	0.0	0	0.0	0
1	1	0	461	60	408.03644	52.70581210000091	52.69890580000356	0.0050003	0.0069063	0	0.141936	0.46194	0.34027	0.42713	16.084	71	4.38	77	0.178656	0.39085	0.68008	0.44987	16.31944	71	4.5	77	0.0	0	0.0	0	0.0	0	0.0	0
1	1	0	462	60	408.05292	52.721722399997816	52.71537649999664	0.0049469	0.0063459	0	0.142176	0.47518	0.34023	0.42689	16.0861	71	4.31	77	0.181232	0.40278	0.67994	0.44968	16.20337	71	4.46	77	0.0	0	0.0	0	0.0	0	0.0	0
1	1	0	463	60	408.0694	52.736739100000705	52.73186129999522	0.0050071	0.0048778	0	0.039024	0.03893	0.33687	0.43676	14.43355	71	3.87	77	-0.01232	0.02312	0.67475	0.45855	15.81145	71	4.04	77	0.0	0	0.0	0	0.0	0	0.0	0
1	1	0	464	60	408.08566	52.751675599996815	52.74812419999944	0.0049892	0.0035514	0	-0.053696	-0.14549	0.33672	0.44379	15.04622	71	3.95	77	-0.081376	-0.11348	0.67406	0.46547	16.01358	71	4.08	77	0.0	0	0.0	0	0.0	0	0.0	0
1	1	0	465	60	408.10223	52.766646899995976	52.76470639999752	0.004749	0.0019405	0	-0.053696	-0.14549	0.33672	0.44344	14.93085	71	4.01	77	-0.08128	-0.10765	0.67416	0.46552	16.15483	71	4.08	77	0.0	0	0.0	0	0.0	0	0.0	0
1	1	0	466	60	408.11868	52.786595799996576	52.78115689999686	0.0050056	0.0054389	0	-0.051408	-0.25304	0.33528	0.44798	14.61138	71	3.94	77	-0.099792	-0.23385	0.67419	0.47016	16.33273	71	4.06	77	0.0	0	0.0	0	0.0	0	0.0	0
1	1	0	467	60	408.13507	52.8025381999978	52.79754849999881	0.0049477	0.0049897	0	-0.064608	-0.2736	0.33503	0.44894	14.56499	71	4.13	77	-0.075072	-0.22995	0.67432	0.47038	16.3635	71	4.12	77	0.0	0	0.0	0	0.0	0	0.0	0
1	1	0	468	60	408.15158	52.817510399996536	52.81404340000154	0.0049255	0.003467	0	-0.066656	-0.26937	0.33545	0.44907	15.29532	71	4.03	77	-0.074896	-0.22566	0.67432	0.47038	16.3635	71	4.13	77	0.0	0	0.0	0	0.0	0	0.0	0
1	1	0	469	60	408.168	52.833482999994885	52.8304630999919	0.0059606	0.0030199	0	-0.011808	-0.30987	0.33496	0.44926	15.50906	71	3.88	77	-0.045568	-0.26462	0.6745	0.47114	16.35925	71	4.09	77	0.0	0	0.0	0	0.0	0	0.0	0
1	1	0	470	60	408.1843	52.853405199995905	52.8467759999985	0.0049531	0.0066292	0	-0.016848	-0.29239	0.33484	0.44938	15.6748	71	3.94	77	-0.034304	-0.27111	0.67476	0.47114	16.39496	71	4.18	77	0.0	0	0.0	0	0.0	0	0.0	0
1	1	0	471	60	408.20084	52.869428300000436	52.86329690000275	0.005049	0.0061314	0	-0.016848	-0.29239	0.33488	0.44935	15.74765	71	3.91	77	-0.034304	-0.27111	0.67476	0.47114	16.39496	71	4.19	77	0.0	0	0.0	0	0.0	0	0.0	0
1	1	0	476	60	408.21729	52.88531879999937	52.87975860000006	0.0049742	0.0055602	0	-0.06864	-0.32334	0.33425	0.44975	15.70236	71	3.9	77	-0.035328	-0.28846	0.67464	0.47142	16.31047	71	4.07	77	0.0	0	0.0	0	0.0	0	0.0	0
1	1	0	477	60	408.23367	52.901307299995096	52.89614499999152	0.0049463	0.0051623	0	-0.022768	-0.31857	0.33404	0.45018	15.63544	71	3.98	77	-0.049936	-0.31947	0.67472	0.47185	16.512	71	4.1	77	0.0	0	0.0	0	0.0	0	0.0	0
1	1	0	478	60	408.25018	52.91623399999662	52.912663000002794	0.004634	0.003571	0	-0.022768	-0.31857	0.33412	0.45021	15.69371	71	4.0	77	-0.049936	-0.31947	0.67464	0.4719	16.56678	71	4.11	77	0.0	0	0.0	0	0.0	0	0.0	0
1	1	0	479	60	408.26654	52.93618199999764	52.9290153999973	0.0049266	0.0071666	0	-0.06512	-0.31951	0.33377	0.45035	15.66102	71	3.92	77	-0.0552	-0.32834	0.67461	0.472	16.43952	71	4.13	77	0.0	0	0.0	0	0.0	0	0.0	0
1	1	0	480	60	408.28311	52.95114130000002	52.94559880000452	0.0049662	0.0055425	0	-0.05216	-0.30764	0.33372	0.45046	16.09119	71	4.07	77	-0.05256	-0.32372	0.67458	0.47187	16.56808	71	4.13	77	0.0	0	0.0	0	0.0	0	0.0	0
1	1	0	481	60	408.29941	52.96614459999546	52.961885499993514	0.0049606	0.0042591	0	-0.05216	-0.30764	0.33372	0.45046	16.09119	71	4.07	77	-0.05256	-0.32372	0.67458	0.47187	16.56808	71	4.13	77	0.0	0	0.0	0	0.0	0	0.0	0
1	1	0	482	60	408.31589	52.98614069999894	52.97836579999421	0.005096	0.0077749	0	-0.092544	-0.15633	0.33299	0.44449	15.0596	71	3.92	77	-0.061008	-0.13726	0.67361	0.4663	16.05777	71	4.09	77	0.0	0	0.0	0	0.0	0	0.0	0
1	1	0	483	60	408.33218	53.00104289999581	52.994646899991494	0.0050221	0.006396	0	-0.057008	-0.10388	0.33336	0.44398	15.1935	71	4.06	77	-0.054032	-0.09924	0.67376	0.46585	16.45782	71	4.13	77	0.0	0	0.0	0	0.0	0	0.0	0
1	1	0	484	60	408.34854	53.01602399999683	53.01101689999632	0.0049759	0.0050071	0	-0.057008	-0.10388	0.33361	0.44452	16.10016	71	3.99	77	-0.054032	-0.09924	0.67379	0.46611	16.73029	71	4.15	77	0.0	0	0.0	0	0.0	0	0.0	0
1	1	0	485	60	408.36508	53.035949099998106	53.027559400004975	0.0050282	0.0083897	0	-0.0348	-0.11086	0.3327	0.44401	15.33076	71	4.12	77	-0.109168	-0.10041	0.67391	0.46629	16.47281	71	4.15	77	0.0	0	0.0	0	0.0	0	0.0	0
1	1	0	486	60	408.38159	53.046028199998545	53.04405830000178	0.005126	0.0019699	0	-0.042128	-0.15276	0.33269	0.44387	15.30936	71	4.19	77	-0.118656	-0.08738	0.67383	0.46596	16.76544	71	4.15	77	0.0	0	0.0	0	0.0	0	0.0	0
1	1	0	487	60	408.39795	53.06586940000125	53.060415699997975	0.0049756	0.0054537	0	-0.042128	-0.15276	0.33263	0.44384	15.18673	71	4.21	77	-0.118368	-0.09325	0.67383	0.46596	16.76544	71	4.15	77	0.0	0	0.0	0	0.0	0	0.0	0
1	1	0	488	60	408.4144	53.08080019999761	53.07687779999833	0.0049485	0.0039224	0	-0.074272	-0.14739	0.33252	0.44387	15.12894	71	4.15	77	-0.106128	-0.10287	0.67391	0.46629	16.47281	71	4.15	77	0.0	0	0.0	0	0.0	0	0.0	0
1	1	0	489	60	408.43079	53.10074059999897	53.093253499995626	0.0049271	0.0074871	0	-0.068064	-0.11084	0.33272	0.44402	15.33072	71	4.13	77	-0.052016	-0.06382	0.67394	0.46649	16.40833	71	4.2	77	0.0	0	0.0	0	0.0	0	0.0	0
1	1	0	490	60	408.44714	53.11571349999576	53.109626199999184	0.0049575	0.0060873	0	-0.066	-0.11696	0.33271	0.44394	15.27093	71	4.14	77	-0.052016	-0.06382	0.67394	0.46649	16.40833	71	4.2	77	0.0	0	0.0	0	0.0	0	0.0	0
1	1	0	491	60	408.46359	53.13066279999475	53.12606699999742	0.0049614	0.0045958	0	-0.079008	-0.1485	0.33235	0.44459	15.28326	71	4.0	77	-0.037024	-0.1271	0.67398	0.46704	16.29833	71	4.07	77	0.0	0	0.0	0	0.0	0	0.0	0
1	1	0	492	60	408.48013	53.14566519999789	53.14259650000167	0.0050322	0.0030687	0	-0.07112	-0.12227	0.33235	0.44476	15.29802	71	4.03	77	-0.039168	-0.12447	0.67415	0.46698	16.26659	71	4.15	77	0.0	0	0.0	0	0.0	0	0.0	0
1	1	0	497	60	408.49655	53.160604999997304	53.1590076999928	0.0049656	0.0015973	0	-0.073232	-0.11629	0.33243	0.44469	15.28988	71	4.03	77	-0.038624	-0.11897	0.67415	0.46698	16.26659	71	4.15	77	0.0	0	0.0	0	0.0	0	0.0	0
1	1	0	498	60	408.51288	53.18053040000086	53.17535250000219	0.004942	0.0051779	0	-0.096176	-0.1428	0.33221	0.44556	15.08077	71	3.97	77	-0.055728	-0.06448	0.67372	0.46778	16.29522	71	4.19	77	0.0	0	0.0	0	0.0	0	0.0	0
1	1	0	499	60	408.52942	53.195538599997235	53.19188299999951	0.0047876	0.0036556	0	-0.245568	0.06566	0.32953	0.44198	15.66608	71	3.92	77	-0.189184	0.03685	0.67004	0.46273	15.77947	71	4.17	77	0.0	0	0.0	0	0.0	0	0.0	0
1	1	0	500	60	408.54581	53.21548469999834	53.20825749999494	0.004985	0.0072272	0	-0.245568	0.06566	0.3293	0.44169	15.34307	71	3.9	77	-0.188208	0.02956	0.6705	0.4627	15.41633	71	4.13	77	0.0	0	0.0	0	0.0	0	0.0	0
1	1	0	501	60	408.56216	53.23036339999817	53.224641999993764	0.0049678	0.0057214	0	-0.38464	0.33811	0.3259	0.43596	14.90211	71	4.06	77	-0.37976	0.26204	0.66449	0.4567	16.26826	71	4.21	77	0.0	0	0.0	0	0.0	0	0.0	0
1	1	0	502	60	408.5787	53.24532189999445	53.241164199993364	0.0049311	0.0041577	0	-0.413616	0.36249	0.32556	0.43608	15.18046	71	4.1	77	-0.410816	0.24387	0.66506	0.45725	16.62966	71	4.38	77	0.0	0	0.0	0	0.0	0	0.0	0
1	1	0	503	60	408.59509	53.26029439999547	53.257573799994134	0.0049266	0.0027206	0	-0.402416	0.33953	0.32561	0.43575	15.22505	71	4.0	77	-0.407728	0.23393	0.66506	0.45725	16.62966	71	4.38	77	0.0	0	0.0	0	0.0	0	0.0	0
1	1	0	504	60	408.61154	53.28026079999836	53.27400209999905	0.004929	0.0062587	0	-0.347888	0.3298	0.32528	0.43595	14.86671	71	3.97	77	-0.365632	0.25963	0.66545	0.45761	16.40619	71	4.25	77	0.0	0	0.0	0	0.0	0	0.0	0
1	1	0	505	60	408.62787	53.295233999997436	53.290355699995416	0.0050115	0.0048783	0	-0.353488	0.31212	0.32519	0.43644	15.12601	71	3.96	77	-0.371088	0.24724	0.66546	0.45764	16.34717	71	4.27	77	0.0	0	0.0	0	0.0	0	0.0	0
1	1	0	506	60	408.64438	53.31022310000117	53.30683660000068	0.0050012	0.0033865	0	-0.358656	0.32346	0.3251	0.43623	15.02104	71	3.93	77	-0.371088	0.24724	0.66543	0.45776	16.55465	71	4.26	77	0.0	0	0.0	0	0.0	0	0.0	0
1	1	0	507	60	408.66074	53.32518649999838	53.32318579999992	0.0050165	0.0020007	0	-0.319344	0.37457	0.32715	0.43582	15.09002	71	4.01	77	-0.280352	0.26773	0.66757	0.45766	16.43397	71	4.27	77	0.0	0	0.0	0	0.0	0	0.0	0
1	1	0	508	60	408.67722	53.345173499998054	53.33969810000417	0.0050553	0.0054754	0	0.00176	0.26021	0.33528	0.4358	15.30605	71	4.09	77	0.031824	0.25431	0.67541	0.45806	15.69582	71	3.97	77	0.0	0	0.0	0	0.0	0	0.0	0
1	1	0	509	60	408.69373	53.3650662	53.35620239999844	0.0049827	0.0088638	0	0.001776	0.26016	0.3349	0.43597	15.81736	71	4.06	77	0.031824	0.25426	0.67538	0.45769	15.39904	71	3.95	77	0.0	0	0.0	0	0.0	0	0.0	0
1	1	0	510	60	408.71017	53.37999599999603	53.372657799998706	0.0049771	0.0073381998	0	0.327376	0.20281	0.34674	0.43819	16.07788	71	4.06	77	0.33616	0.15594	0.68546	0.46223	15.05807	71	3.95	77	0.0	0	0.0	0	0.0	0	0.0	0
1	1	0	511	60	408.7265	53.39496539999527	53.38895559999219	0.0049918	0.0060098	0	0.421408	0.13006	0.34965	0.43782	16.53598	71	4.18	77	0.44112	0.14108	0.68815	0.46261	14.9708	71	4.04	77	0.0	0	0.0	0	0.0	0	0.0	0
1	1	0	512	60	408.74295	53.409972099994775	53.405409499995585	0.0050324	0.0045626	0	0.421408	0.13006	0.34943	0.43763	16.39412	71	4.3	77	0.44112	0.14108	0.68829	0.46207	14.98496	71	3.92	77	0.0	0	0.0	0	0.0	0	0.0	0
1	1	0	513	60	408.75928	53.424868199996126	53.42174579999846	0.0049976	0.0031224	0	0.412512	0.10202	0.35134	0.43587	16.14211	71	4.19	77	0.442976	0.15755	0.69086	0.46134	15.0089	71	3.94	77	0.0	0	0.0	0	0.0	0	0.0	0
1	1	0	514	60	408.77585	53.44492049999826	53.43833339999401	0.0050492	0.0065871	0	0.481472	0.0547	0.35424	0.43706	16.17011	71	4.28	77	0.560624	0.06743	0.69355	0.46272	15.84246	71	4.12	77	0.0	0	0.0	0	0.0	0	0.0	0
1	1	0	515	60	408.79224	53.45982119999826	53.4547087999963	0.0050301002	0.0051124	0	0.481472	0.0547	0.35426	0.43784	16.90356	71	4.3	77	0.567344	0.0754	0.6937	0.4622	15.68169	71	4.01	77	0.0	0	0.0	0	0.0	0	0.0	0
1	1	0	520	60	408.80875	53.47480409999844	53.471191600001475	0.0050426	0.0036125	0	0.487312	0.05413	0.35294	0.43723	16.45758	71	4.21	77	0.565456	0.07359	0.6925	0.46145	15.09321	71	4.18	77	0.0	0	0.0	0	0.0	0	0.0	0
1	1	0	521	60	408.8252	53.48975309999514	53.48765739999362	0.0050379	0.0020957	0	0.535232	0.06446	0.35207	0.43756	16.97196	71	4.32	77	0.542672	0.09745	0.6911	0.462	15.63139	71	4.4	77	0.0	0	0.0	0	0.0	0	0.0	0
1	1	0	522	60	408.84152	53.50967509999464	53.50400589999481	0.0049935	0.0056692	0	0.535248	0.0645	0.35211	0.43757	16.65734	71	4.26	77	0.542704	0.09749	0.69104	0.462	15.60492	71	4.38	77	0.0	0	0.0	0	0.0	0	0.0	0
1	1	0	523	60	408.85791	53.52459159999853	53.5203879000037	0.0049751	0.0042037	0	0.484752	0.09175	0.35017	0.43889	16.79285	71	4.19	77	0.564128	0.0974	0.68999	0.46167	14.85628	71	4.24	77	0.0	0	0.0	0	0.0	0	0.0	0
1	1	0	525	60	408.87439	53.544570199999725	53.53685089999635	0.0049993	0.0077193	0	0.519936	0.05808	0.34986	0.43984	16.94473	71	4.28	77	0.514608	0.07247	0.69002	0.462	15.20579	71	3.89	77	0.0	0	0.0	0	0.0	0	0.0	0
