1	1	0	68	60	458.86935	65.82217599999785	65.81853679999767	0.0050839	0.0036392	0	-0.428384	0.25796	0.21045	0.64915	20.78772	71	5.3	77	-0.47512	0.26708	0.57161	0.69047	20.88604	71	5.26	77	0.0	0	0.0	0	0.0	0	0.0	0
1	1	0	71	60	458.88589	65.84207129999777	65.8350817999999	0.0049894	0.0069895	0	-0.434144	0.27039	0.21043	0.64907	20.68752	71	5.3	77	-0.475296	0.26758	0.57161	0.69043	20.83793	71	5.26	77	0.0	0	0.0	0	0.0	0	0.0	0
1	1	0	72	60	458.90222	65.85700799999904	65.85140830000091	0.0050069	0.0055997	0	-0.527056	0.341	0.20933	0.64887	20.45797	71	5.29	77	-0.499504	0.30592	0.57001	0.68981	21.08547	71	5.24	77	0.0	0	0.0	0	0.0	0	0.0	0
1	1	0	73	60	458.91879	65.87198539999736	65.8679790999995	0.0049654	0.0040063	0	-0.468528	0.34251	0.20907	0.64678	20.36229	71	5.3	77	-0.464192	0.25768	0.5698	0.68739	20.668	71	5.32	77	0.0	0	0.0	0	0.0	0	0.0	0
1	1	0	74	60	458.93509	65.88694469999973	65.88428819999899	0.0050278	0.0026565	0	-0.468768	0.34304	0.20907	0.64657	20.25537	71	5.29	77	-0.468576	0.2702	0.56974	0.68733	20.50474	71	5.33	77	0.0	0	0.0	0	0.0	0	0.0	0
1	1	0	75	60	458.95163	65.90196189999915	65.90080609999859	0.0050732	0.0011558	0	-0.503216	0.26258	0.20873	0.64778	19.9442	71	5.33	77	-0.455728	0.2815	0.5694	0.6882	20.5381	71	5.24	77	0.0	0	0.0	0	0.0	0	0.0	0
1	1	0	77	60	458.96796	65.92184769999949	65.91716259999885	0.0049914	0.0046851	0	-0.497072	0.31563	0.20889	0.64729	20.31004	71	5.3	77	-0.514688	0.28956	0.5694	0.68749	20.51468	71	5.31	77	0.0	0	0.0	0	0.0	0	0.0	0
1	1	0	82	60	458.98447	65.93786039999759	65.93364779999683	0.0050426	0.0042126	0	-0.496832	0.31512	0.20892	0.64739	20.38877	71	5.31	77	-0.506144	0.26714	0.56936	0.68773	20.86291	71	5.27	77	0.0	0	0.0	0	0.0	0	0.0	0
1	1	0	83	60	459.00076	65.9527543999975	65.94995329999801	0.0050045	0.0028011	0	-0.47832	0.25175	0.20836	0.64799	20.5287	71	5.29	77	-0.496064	0.26611	0.56871	0.68819	20.97793	71	5.26	77	0.0	0	0.0	0	0.0	0	0.0	0
1	1	0	84	60	459.0173	65.97271069999988	65.96648850000201	0.004978	0.0062222	0	-0.437536	0.2345	0.20802	0.64678	20.36324	71	5.3	77	-0.468816	0.18624	0.56824	0.68718	21.28292	71	5.23	77	0.0	0	0.0	0	0.0	0	0.0	0
1	1	0	85	60	459.03384	65.98767679999946	65.98303589999705	0.0049482	0.0046409	0	-0.420784	0.19988	0.20798	0.64685	20.40214	71	5.28	77	-0.459504	0.16213	0.568	0.68633	20.31472	71	5.26	77	0.0	0	0.0	0	0.0	0	0.0	0
1	1	0	86	60	459.05017	66.00758239999777	65.99936669999806	0.0049831	0.0082157	0	-0.548688	0.2553	0.20576	0.64638	20.26394	71	5.34	77	-0.525552	0.18773	0.56567	0.6865	21.0311	71	5.23	77	0.0	0	0.0	0	0.0	0	0.0	0
1	1	0	87	60	459.06665	66.02258040000015	66.0158322999996	0.0049607	0.0067481	0	-0.625984	0.26731	0.20447	0.6469	20.70086	71	5.37	77	-0.566048	0.26786	0.56383	0.68651	21.34983	71	5.25	77	0.0	0	0.0	0	0.0	0	0.0	0
1	1	0	88	60	459.08307	66.03751569999804	66.03226769999674	0.0049645	0.005248	0	-0.632816	0.27795	0.20445	0.64647	20.67818	71	5.28	77	-0.576224	0.29147	0.56371	0.68606	20.96957	71	5.26	77	0.0	0	0.0	0	0.0	0	0.0	0
1	1	0	89	60	459.09937	66.05247619999864	66.04856599999766	0.0049694	0.0039102	0	-0.623216	0.33057	0.20397	0.6459	20.36603	71	5.3	77	-0.618224	0.30737	0.56327	0.68487	20.57221	71	5.29	77	0.0	0	0.0	0	0.0	0	0.0	0
1	1	0	90	60	459.11581	66.07240629999797	66.0650153999959	0.0049803	0.0073909	0	-0.638384	0.38089	0.20369	0.6454	20.69584	71	5.27	77	-0.583456	0.33841	0.56299	0.68457	20.72681	71	5.33	77	0.0	0	0.0	0	0.0	0	0.0	0
1	1	0	91	60	459.1322	66.08741979999832	66.08138540000073	0.0049959	0.0060344	0	-0.646304	0.39439	0.2036	0.6452	20.41106	71	5.29	77	-0.58888	0.35154	0.56303	0.68433	20.55226	71	5.33	77	0.0	0	0.0	0	0.0	0	0.0	0
1	1	0	92	60	459.14868	66.10236109999823	66.09786639999948	0.0050019	0.0044947	0	-0.615072	0.30646	0.20305	0.64545	20.29946	71	5.32	77	-0.594832	0.3378	0.56235	0.68421	20.95696	71	5.25	77	0.0	0	0.0	0	0.0	0	0.0	0
1	1	0	93	60	459.16513	66.11833859999751	66.1143176000005	0.0060061	0.004021	0	-0.630176	0.39034	0.20277	0.64554	20.45734	71	5.21	77	-0.632752	0.37449	0.56192	0.68434	20.70655	71	5.2	77	0.0	0	0.0	0	0.0	0	0.0	0
1	1	0	94	60	459.18161	66.13828079999803	66.13081229999807	0.0050003	0.0074685	0	-0.623536	0.37879	0.20258	0.6452	19.933	71	5.23	77	-0.62768	0.36286	0.56179	0.68422	20.84226	71	5.25	77	0.0	0	0.0	0	0.0	0	0.0	0
1	1	0	95	60	459.198	66.15323509999871	66.1471864999985	0.0049944	0.0060486	0	-0.641984	0.41423	0.20265	0.64375	20.40681	71	5.05	77	-0.62704	0.41628	0.56105	0.68173	20.25639	71	4.96	77	0.0	0	0.0	0	0.0	0	0.0	0
1	1	0	96	60	459.21436	66.16818309999871	66.16355979999935	0.0050026	0.0046233	0	-0.660096	0.41089	0.20236	0.64361	19.56284	71	5.13	77	-0.630464	0.35745	0.56117	0.68166	20.37764	71	4.91	77	0.0	0	0.0	0	0.0	0	0.0	0
1	1	0	97	60	459.2308	66.18314279999686	66.1800099999964	0.0050128	0.0031328	0	-0.660096	0.41089	0.2025	0.64387	19.79269	71	5.22	77	-0.630464	0.35745	0.56129	0.68145	20.2561	71	4.88	77	0.0	0	0.0	0	0.0	0	0.0	0
1	1	0	98	60	459.24728	66.20313589999932	66.19649070000014	0.0047924	0.0066452	0	-0.649472	0.42798	0.20281	0.64265	18.87362	71	5.02	77	-0.650112	0.42426	0.56158	0.6807	19.50032	71	4.7	77	0.0	0	0.0	0	0.0	0	0.0	0
1	1	0	99	60	459.2637	66.21806789999755	66.21288909999566	0.0050074	0.0051788	0	-0.628128	0.39758	0.20284	0.64234	18.87485	71	5.01	77	-0.628848	0.45406	0.56163	0.68027	19.732	71	4.66	77	0.0	0	0.0	0	0.0	0	0.0	0
1	1	0	104	60	459.28021	66.23303859999942	66.2293940999989	0.0050162	0.0036445	0	-0.628128	0.39758	0.20284	0.64234	18.87485	71	5.0	77	-0.61824	0.42754	0.56181	0.68059	19.19354	71	4.68	77	0.0	0	0.0	0	0.0	0	0.0	0
1	1	0	105	60	459.29651	66.25298029999976	66.24570830000084	0.0050142	0.007272	0	-0.633792	0.40073	0.20325	0.64204	18.90159	71	4.6	77	-0.582464	0.37431	0.5622	0.68137	18.80027	71	4.7	77	0.0	0	0.0	0	0.0	0	0.0	0
1	1	0	106	60	459.31296	66.26793339999858	66.26214189999882	0.0049749	0.0057915	0	-0.656304	0.38431	0.20338	0.64159	17.96354	71	4.82	77	-0.559504	0.33956	0.56226	0.68076	18.90274	71	4.49	77	0.0	0	0.0	0	0.0	0	0.0	0
1	1	0	107	60	459.32938	66.28788290000011	66.2785509000023	0.0047434	0.009332	0	-0.640576	0.35814	0.20339	0.64161	18.03675	71	4.81	77	-0.55384	0.32521	0.56248	0.68123	19.0028	71	4.62	77	0.0	0	0.0	0	0.0	0	0.0	0
1	1	0	108	60	459.34586	66.30280039999707	66.29506229999606	0.0049964	0.0077381	0	-0.554368	0.36446	0.20684	0.64112	18.71072	71	4.54	77	-0.519136	0.39136	0.56557	0.68058	18.51673	71	4.64	77	0.0	0	0.0	0	0.0	0	0.0	0
1	1	0	109	60	459.36221	66.31797149999693	66.31139499999699	0.0051931	0.0065765	0	-0.3316	0.33911	0.21096	0.63949	18.39799	71	4.55	77	-0.378816	0.42339	0.57007	0.67917	17.94057	71	4.46	77	0.0	0	0.0	0	0.0	0	0.0	0
1	1	0	110	60	459.37863	66.33276239999759	66.32783069999641	0.0050274	0.0049317	0	-0.339776	0.36289	0.21117	0.64001	18.58871	71	4.75	77	-0.384704	0.44884	0.57026	0.67919	17.93145	71	4.58	77	0.0	0	0.0	0	0.0	0	0.0	0
1	1	0	111	60	459.39508	66.35269949999929	66.34427909999795	0.0050114	0.0084204	0	-0.357424	0.42456	0.21178	0.63968	18.10027	71	4.57	77	-0.359728	0.45596	0.57053	0.67974	17.95556	71	4.45	77	0.0	0	0.0	0	0.0	0	0.0	0
1	1	0	112	60	459.4115	66.36761809999734	66.36068229999728	0.0049561	0.0069358	0	-0.412352	0.42049	0.21178	0.63968	18.10027	71	4.57	77	-0.38144	0.42312	0.57057	0.6796	17.5676	71	4.44	77	0.0	0	0.0	0	0.0	0	0.0	0
1	1	0	113	60	459.42798	66.38263569999981	66.37717920000068	0.0050309	0.0054565	0	-0.412352	0.42049	0.21183	0.63997	18.12178	71	4.62	77	-0.384864	0.43776	0.57058	0.67961	17.55417	71	4.44	77	0.0	0	0.0	0	0.0	0	0.0	0
1	1	0	114	60	459.4444	66.39754999999786	66.3935825999979	0.0049871	0.0039674	0	-0.422352	0.44438	0.21177	0.64019	18.01595	71	4.44	77	-0.38512	0.48019	0.57016	0.67939	17.27495	71	4.61	77	0.0	0	0.0	0	0.0	0	0.0	0
1	1	0	115	60	459.46088	66.41752239999914	66.410076199998	0.0049821	0.0074462	0	-0.419136	0.45302	0.21181	0.64022	17.9135	71	4.44	77	-0.3736	0.50909	0.57042	0.67978	17.39547	71	4.43	77	0.0	0	0.0	0	0.0	0	0.0	0
1	1	0	116	60	459.47729	66.43249680000008	66.4264903000003	0.005001	0.0060065	0	-0.430288	0.48259	0.21171	0.64014	17.66414	71	4.45	77	-0.376896	0.52486	0.57047	0.68009	17.32733	71	4.47	77	0.0	0	0.0	0	0.0	0	0.0	0
1	1	0	117	60	459.49377	66.44743860000017	66.44296570000006	0.004986	0.0044729	0	-0.095104	0.45559	0.21837	0.63892	17.37726	71	4.33	77	-0.070752	0.52957	0.57769	0.67814	16.43513	71	4.33	77	0.0	0	0.0	0	0.0	0	0.0	0
1	1	0	118	60	459.51016	66.46239819999755	66.45934429999761	0.0050022	0.0030539	0	-0.04296	0.49099	0.21961	0.63958	18.04595	71	4.39	77	-0.16768	0.52351	0.57806	0.67914	17.08356	71	4.27	77	0.0	0	0.0	0	0.0	0	0.0	0
1	1	0	119	60	459.52655	66.48232879999705	66.47574479999457	0.004983	0.006584	0	-0.043008	0.4916	0.21978	0.64001	18.36181	71	4.48	77	-0.168832	0.53925	0.57799	0.67954	17.62374	71	4.36	77	0.0	0	0.0	0	0.0	0	0.0	0
1	1	0	120	60	459.543	66.50227809999706	66.49219589999484	0.0049858	0.0100822	0	-0.070432	0.45727	0.21979	0.63995	18.23227	71	4.47	77	-0.182352	0.54976	0.578	0.6798	17.77027	71	4.35	77	0.0	0	0.0	0	0.0	0	0.0	0
1	1	0	121	60	459.55939	66.51253389999692	66.5085868999995	0.005256	0.003947	0	-0.106784	0.49001	0.21938	0.64065	18.32372	71	4.48	77	-0.07656	0.54306	0.57774	0.67984	17.48015	71	4.34	77	0.0	0	0.0	0	0.0	0	0.0	0
1	1	0	126	60	459.5759	66.52822969999761	66.52509069999724	0.004982	0.003139	0	-0.108704	0.50443	0.21941	0.64078	18.28954	71	4.51	77	-0.076752	0.55787	0.57779	0.67986	17.57409	71	4.33	77	0.0	0	0.0	0	0.0	0	0.0	0
1	1	0	127	60	459.59225	66.54319129999931	66.54146659999606	0.0049778	0.0017247	0	-0.05288	0.56175	0.21947	0.64123	18.02769	71	4.55	77	-0.09936	0.53507	0.57748	0.67963	17.08208	71	4.35	77	0.0	0	0.0	0	0.0	0	0.0	0
1	1	0	128	60	459.6087	66.56315059999906	66.55789430000004	0.0050227	0.0052563	0	-0.062128	0.56136	0.21932	0.64148	18.15852	71	4.6	77	-0.09984	0.52514	0.57749	0.6801	17.44842	71	4.26	77	0.0	0	0.0	0	0.0	0	0.0	0
1	1	0	129	60	459.62503	66.5780691	66.5742379000003	0.0049968	0.0038312	0	-0.062128	0.56136	0.21927	0.64159	18.12365	71	4.58	77	-0.09984	0.52514	0.57749	0.6801	17.44842	71	4.26	77	0.0	0	0.0	0	0.0	0	0.0	0
1	1	0	130	60	459.64151	66.59804280000026	66.59071609999955	0.0049777	0.0073267	0	0.128496	0.53733	0.22431	0.6418	18.48854	71	4.52	77	0.109808	0.57451	0.58353	0.67948	16.05087	71	4.24	77	0.0	0	0.0	0	0.0	0	0.0	0
1	1	0	131	60	459.65796	66.61300800000026	66.60716660000253	0.0050229	0.0058414	0	0.28928	0.55363	0.22915	0.64138	18.26425	71	4.59	77	0.2428	0.56209	0.58739	0.68216	17.29116	71	4.53	77	0.0	0	0.0	0	0.0	0	0.0	0
1	1	0	132	60	459.67444	66.62793169999713	66.62363669999831	0.0049733	0.004295	0	0.28928	0.55363	0.22923	0.64095	18.49208	71	4.45	77	0.2428	0.56209	0.58741	0.68185	16.98359	71	4.53	77	0.0	0	0.0	0	0.0	0	0.0	0
1	1	0	133	60	459.69077	66.64289219999773	66.63996749999933	0.0049855	0.0029247	0	0.36264	0.5277	0.22923	0.64199	18.39565	71	4.48	77	0.293248	0.58861	0.58695	0.68245	16.8987	71	4.39	77	0.0	0	0.0	0	0.0	0	0.0	0
1	1	0	134	60	459.70734	66.66286959999707	66.65651839999919	0.0049872	0.0063512	0	0.321472	0.56635	0.22897	0.64222	18.414	71	4.49	77	0.285232	0.5567	0.58699	0.68223	16.86917	71	4.28	77	0.0	0	0.0	0	0.0	0	0.0	0
1	1	0	135	60	459.72366	66.67780510000011	66.67287219999707	0.0050002	0.0049329	0	0.318864	0.55046	0.22899	0.64253	18.67371	71	4.49	77	0.278672	0.5265	0.58678	0.68255	17.00057	71	4.34	77	0.0	0	0.0	0	0.0	0	0.0	0
1	1	0	136	60	459.74011	66.69283859999996	66.68929629999911	0.0050629	0.0035423	0	0.328416	0.48712	0.22844	0.64294	18.57651	71	4.49	77	0.246288	0.51022	0.58627	0.6832	16.49183	71	4.5	77	0.0	0	0.0	0	0.0	0	0.0	0
1	1	0	137	60	459.75665	66.70772439999928	66.70585720000236	0.0049517	0.0018672	0	0.2872	0.45099	0.22813	0.64327	18.78159	71	4.48	77	0.248048	0.50803	0.58636	0.68237	17.00412	71	4.2	77	0.0	0	0.0	0	0.0	0	0.0	0
1	1	0	138	60	459.77304	66.7276595000003	66.72223519999898	0.0049383	0.0054243	0	0.284896	0.43621	0.22807	0.64318	18.65537	71	4.48	77	0.24496	0.49273	0.58616	0.68294	17.1003	71	4.35	77	0.0	0	0.0	0	0.0	0	0.0	0
1	1	0	139	60	459.78937	66.74262709999675	66.73856119999618	0.0049873	0.0040659	0	0.319264	0.43705	0.22763	0.64408	18.74726	71	4.54	77	0.281104	0.46294	0.58568	0.68419	17.11345	71	4.46	77	0.0	0	0.0	0	0.0	0	0.0	0
1	1	0	140	60	459.80588	66.76260769999863	66.755071399999	0.0049715	0.0075363	0	0.293872	0.45808	0.2275	0.64432	19.33794	71	4.56	77	0.258608	0.47488	0.58588	0.68426	17.03531	71	4.49	77	0.0	0	0.0	0	0.0	0	0.0	0
1	1	0	141	60	459.82233	66.77755169999728	66.77152499999647	0.0049669	0.0060267	0	0.296336	0.47355	0.22752	0.64434	19.39871	71	4.55	77	0.26504	0.50491	0.58588	0.68426	17.03531	71	4.49	77	0.0	0	0.0	0	0.0	0	0.0	0
1	1	0	142	60	459.83881	66.79248309999821	66.78801299999759	0.0047521	0.0044701	0	0.359344	0.33865	0.22892	0.64693	18.61668	71	4.58	77	0.353104	0.43135	0.58642	0.68647	17.37907	71	4.39	77	0.0	0	0.0	0	0.0	0	0.0	0
1	1	0	147	60	459.85513	66.80747739999788	66.80433439999615	0.0050099	0.003143	0	0.375744	0.21683	0.22915	0.65035	18.97201	71	4.59	77	0.286496	0.35415	0.58591	0.68885	17.33081	71	4.09	77	0.0	0	0.0	0	0.0	0	0.0	0
1	1	0	148	60	459.8717	66.82742089999738	66.82089659999838	0.004972	0.0065243	0	0.3756	0.21635	0.22916	0.65066	19.02715	71	4.63	77	0.283008	0.34094	0.58581	0.68967	17.28269	71	4.19	77	0.0	0	0.0	0	0.0	0	0.0	0
1	1	0	149	60	459.88797	66.84235179999814	66.83715889999803	0.0049657	0.0051929	0	0.29816	0.24372	0.22839	0.65082	19.07451	71	4.58	77	0.28264	0.25117	0.58609	0.6899	17.69786	71	4.18	77	0.0	0	0.0	0	0.0	0	0.0	0
1	1	0	150	60	459.90445	66.85735659999773	66.85362249999889	0.0049927	0.0037341	0	0.275904	0.28017	0.22819	0.65077	19.46725	71	4.63	77	0.282752	0.22771	0.58608	0.68969	17.80362	71	4.31	77	0.0	0	0.0	0	0.0	0	0.0	0
1	1	0	151	60	459.92072	66.87233439999909	66.86991050000142	0.0050523	0.0024239	0	0.271408	0.25416	0.22827	0.65064	18.95689	71	4.68	77	0.275456	0.20332	0.58621	0.68969	17.77632	71	4.28	77	0.0	0	0.0	0	0.0	0	0.0	0
1	1	0	152	60	459.93732	66.89226049999706	66.88650479999706	0.0050075	0.0057557	0	0.371024	0.17654	0.2279	0.65036	19.12343	71	4.74	77	0.268096	0.21453	0.58621	0.68894	17.62345	71	4.28	77	0.0	0	0.0	0	0.0	0	0.0	0
1	1	0	153	60	459.95364	66.90718449999986	66.90283580000323	0.0049846	0.0043487	0	0.341504	0.22388	0.22779	0.65064	19.41939	71	4.79	77	0.2672	0.23341	0.58583	0.68959	18.14721	71	4.41	77	0.0	0	0.0	0	0.0	0	0.0	0
1	1	0	154	60	459.97015	66.92715769999995	66.91934989999936	0.0049509	0.0078078	0	0.344656	0.23696	0.22777	0.65044	19.01754	71	4.85	77	0.270816	0.24623	0.58578	0.68945	18.12217	71	4.41	77	0.0	0	0.0	0	0.0	0	0.0	0
1	1	0	155	60	459.98654	66.94209189999674	66.93573049999395	0.0049934	0.0063614	0	0.274112	0.22143	0.22561	0.6492	19.32433	71	4.85	77	0.191328	0.32121	0.58366	0.6877	17.7607	71	4.4	77	0.0	0	0.0	0	0.0	0	0.0	0
1	1	0	156	60	460.00299	66.95706040000005	66.95219480000014	0.004967	0.0048656	0	0.274896	0.21199	0.22583	0.64961	19.48684	71	4.91	77	0.2156	0.31368	0.58399	0.68783	17.96606	71	4.38	77	0.0	0	0.0	0	0.0	0	0.0	0
1	1	0	157	60	460.01935	66.97200359999988	66.96853330000158	0.0049869	0.0034703	0	0.274896	0.21199	0.22581	0.64919	19.04705	71	4.94	77	0.2156	0.31368	0.5839	0.68774	17.75646	71	4.45	77	0.0	0	0.0	0	0.0	0	0.0	0
1	1	0	158	60	460.03595	66.99196479999955	66.98514299999806	0.0049178	0.0068218	0	0.268672	0.20665	0.22587	0.64905	19.1747	71	4.92	77	0.22808	0.32598	0.5842	0.6876	18.09495	71	4.47	77	0.0	0	0.0	0	0.0	0	0.0	0
1	1	0	159	60	460.05225	67.00693820000015	67.00144189999992	0.004978	0.0054963	0	0.273776	0.18565	0.22603	0.64943	19.48388	71	5.0	77	0.198768	0.28659	0.58432	0.68781	18.4913	71	4.51	77	0.0	0	0.0	0	0.0	0	0.0	0
1	1	0	164	60	460.06879	67.02190819999669	67.01799089999986	0.0049568	0.0039173	0	0.273776	0.18565	0.22602	0.64941	19.44291	71	5.01	77	0.198768	0.28659	0.58427	0.68755	18.16426	71	4.54	77	0.0	0	0.0	0	0.0	0	0.0	0
1	1	0	165	60	460.08505	67.03688820000025	67.03423920000205	0.0050475	0.002649	0	0.227952	0.20481	0.22628	0.64917	19.68195	71	5.06	77	0.174832	0.31599	0.58479	0.68759	18.17224	71	4.54	77	0.0	0	0.0	0	0.0	0	0.0	0
1	1	0	166	60	460.10168	67.05679769999915	67.05087869999988	0.0049814	0.005919	0	0.275488	0.18562	0.22679	0.64955	20.14573	71	5.03	77	0.215776	0.29789	0.58534	0.68763	18.31359	71	4.64	77	0.0	0	0.0	0	0.0	0	0.0	0
1	1	0	167	60	460.11792	67.07177799999772	67.06711829999767	0.0050117	0.0046597	0	0.275488	0.18562	0.22672	0.64943	19.93738	71	5.07	77	0.218576	0.31051	0.58556	0.68772	18.06615	71	4.59	77	0.0	0	0.0	0	0.0	0	0.0	0
1	1	0	168	60	460.13483	67.09169309999925	67.0840083999974	0.004954	0.0076847	0	0.551008	0.16023	0.23635	0.65314	20.71829	71	4.99	77	0.565312	0.22382	0.59455	0.69252	18.73219	71	4.5	77	0.0	0	0.0	0	0.0	0	0.0	0
1	1	0	169	60	460.15076	67.10664159999942	67.09994649999862	0.0049857	0.0066951	0	0.609616	0.11765	0.23705	0.65337	20.92688	71	4.99	77	0.528032	0.21401	0.5952	0.69248	18.90032	71	4.59	77	0.0	0	0.0	0	0.0	0	0.0	0
1	1	0	170	60	460.16718	67.1216151999979	67.1163570999961	0.0047531	0.0052581	0	0.615552	0.12862	0.23717	0.65352	20.8965	71	5.08	77	0.528032	0.21401	0.59546	0.69181	18.08362	71	4.65	77	0.0	0	0.0	0	0.0	0	0.0	0
1	1	0	171	60	460.18369	67.13662349999868	67.13286949999747	0.0047139	0.003754	0	0.614688	0.17855	0.23765	0.65301	20.64838	71	5.01	77	0.570752	0.24912	0.59606	0.69164	18.59671	71	4.67	77	0.0	0	0.0	0	0.0	0	0.0	0
1	1	0	172	60	460.2001	67.15657589999682	67.14927749999697	0.0049161	0.0072984	0	0.66256	0.17827	0.23754	0.65273	20.72417	71	5.09	77	0.54624	0.24953	0.596	0.69131	18.77549	71	4.66	77	0.0	0	0.0	0	0.0	0	0.0	0
1	1	0	173	60	460.21655	67.17155959999945	67.16576010000063	0.0050307	0.0057995	0	0.662816	0.17875	0.23758	0.65281	20.65825	71	5.1	77	0.541344	0.2401	0.59607	0.69121	18.89815	71	4.65	77	0.0	0	0.0	0	0.0	0	0.0	0
1	1	0	174	60	460.23297	67.1865278999976	67.18215749999945	0.005027	0.0043704	0	0.594048	0.13211	0.2378	0.65313	20.69883	71	5.01	77	0.598992	0.22409	0.59646	0.692	19.1212	71	4.58	77	0.0	0	0.0	0	0.0	0	0.0	0
1	1	0	175	60	460.24948	67.20142750000014	67.19868100000167	0.0049909	0.0027465	0	0.558768	0.13589	0.23797	0.65331	20.75982	71	5.01	77	0.499696	0.1778	0.59656	0.69201	18.83883	71	4.62	77	0.0	0	0.0	0	0.0	0	0.0	0
1	1	0	176	60	460.26581	67.2213714999998	67.21500119999837	0.0049847	0.0063703	0	0.554256	0.12653	0.23799	0.65334	20.63146	71	5.02	77	0.505616	0.1892	0.59647	0.69243	19.2021	71	4.63	77	0.0	0	0.0	0	0.0	0	0.0	0
1	1	0	177	60	460.28238	67.23632749999888	67.23156509999899	0.0049751	0.0047624	0	0.627744	0.04554	0.2386	0.65672	20.95263	71	4.99	77	0.589856	0.065	0.59671	0.69641	19.02564	71	4.62	77	0.0	0	0.0	0	0.0	0	0.0	0
1	1	0	178	60	460.29868	67.25148769999942	67.2478388999989	0.0051737	0.0036488	0	0.553888	0.05577	0.23863	0.65644	21.02336	71	5.03	77	0.551552	0.15153	0.59713	0.69607	19.27967	71	4.67	77	0.0	0	0.0	0	0.0	0	0.0	0
1	1	0	179	60	460.31516	67.27123449999999	67.26435389999824	0.0049876	0.0068806	0	0.563504	0.07416	0.23868	0.65636	20.89078	71	5.03	77	0.556688	0.16028	0.59732	0.69527	19.03124	71	4.56	77	0.0	0	0.0	0	0.0	0	0.0	0
1	1	0	180	60	460.33154	67.28621159999966	67.28072609999799	0.0049987	0.0054855	0	0.63072	0.0939	0.23856	0.65667	20.63293	71	4.97	77	0.581648	0.12395	0.59721	0.69553	18.41432	71	4.56	77	0.0	0	0.0	0	0.0	0	0.0	0
1	1	0	181	60	460.34799	67.30118239999865	67.29717170000004	0.0050096	0.0040107	0	0.62104	0.06882	0.23855	0.65694	20.70294	71	5.0	77	0.568512	0.11601	0.59719	0.69569	18.34106	71	4.61	77	0.0	0	0.0	0	0.0	0	0.0	0
1	1	0	186	60	460.36441	67.32212209999852	67.31360089999725	0.0049997	0.0085212	0	0.615168	0.05881	0.23858	0.65691	20.61823	71	5.0	77	0.556656	0.09725	0.59713	0.69621	18.93054	71	4.57	77	0.0	0	0.0	0	0.0	0	0.0	0
1	1	0	187	60	460.38089	67.33706339999844	67.33009329999913	0.0049811	0.0069701	0	0.612224	0.06465	0.23852	0.65609	20.61535	71	4.96	77	0.576224	-8.9E-4	0.59737	0.69535	18.75638	71	4.56	77	0.0	0	0.0	0	0.0	0	0.0	0
1	1	0	188	60	460.39728	67.35205399999904	67.3464636999961	0.0050081	0.0055903	0	0.584816	0.0292	0.2384	0.65589	20.51672	71	5.02	77	0.549296	0.0358	0.59739	0.69444	18.42305	71	4.57	77	0.0	0	0.0	0	0.0	0	0.0	0
1	1	0	189	60	460.41373	67.36710669999957	67.36292239999966	0.0050909	0.0041843	0	0.580048	0.02091	0.23834	0.6559	20.57655	71	5.01	77	0.543824	0.02772	0.59745	0.69434	18.26653	71	4.58	77	0.0	0	0.0	0	0.0	0	0.0	0
1	1	0	190	60	460.43018	67.3819201999977	67.37936059999629	0.004951	0.0025596	0	0.562576	0.01905	0.23818	0.65667	20.46165	71	4.88	77	0.52384	0.09504	0.59712	0.69591	18.49996	71	4.56	77	0.0	0	0.0	0	0.0	0	0.0	0
1	1	0	191	60	460.44656	67.40192719999686	67.39576429999579	0.0049433	0.0061629	0	0.571248	-0.07274	0.23835	0.65916	20.126	71	4.95	77	0.553504	-0.10428	0.59625	0.69863	18.4467	71	4.6	77	0.0	0	0.0	0	0.0	0	0.0	0
1	1	0	192	60	460.46298	67.41692079999848	67.41218160000062	0.0050204	0.0047391998	0	0.56528	-0.082	0.23815	0.65947	20.06215	71	4.98	77	0.552096	-0.10597	0.59616	0.69879	18.59994	71	4.61	77	0.0	0	0.0	0	0.0	0	0.0	0
1	1	0	193	60	460.47949	67.43689919999815	67.42867689999912	0.0050821	0.0082223	0	0.579232	-0.05429	0.23719	0.6598	20.21797	71	4.93	77	0.53008	-0.03965	0.59552	0.69918	18.57109	71	4.59	77	0.0	0	0.0	0	0.0	0	0.0	0
1	1	0	194	60	460.49576	67.45193359999757	67.44494259999556	0.0050899	0.006991	0	0.552128	-0.10999	0.23683	0.65971	20.2424	71	4.88	77	0.52552	-0.08498	0.59569	0.69882	18.70171	71	4.56	77	0.0	0	0.0	0	0.0	0	0.0	0
1	1	0	195	60	460.5123	67.46685449999859	67.46148479999829	0.0050363	0.0053697	0	0.556816	-0.10285	0.23679	0.65972	20.11567	71	4.9	77	0.53096	-0.07799	0.59581	0.6988	18.45987	71	4.56	77	0.0	0	0.0	0	0.0	0	0.0	0
1	1	0	196	60	460.52872	67.48171459999867	67.47792619999746	0.004971	0.0037884	0	0.535392	-0.01985	0.23636	0.65961	19.87208	71	4.8	77	0.506352	-0.07081	0.59534	0.69881	18.60923	71	4.48	77	0.0	0	0.0	0	0.0	0	0.0	0
1	1	0	197	60	460.5452	67.50167999999758	67.49440029999823	0.0049832	0.0072797	0	0.531488	-0.05146	0.23635	0.66	19.74545	71	4.9	77	0.545216	-0.07967	0.59558	0.69918	18.44818	71	4.58	77	0.0	0	0.0	0	0.0	0	0.0	0
1	1	0	198	60	460.56146	67.51191519999702	67.51065719999679	0.0052688	0.001258	0	0.531488	-0.05146	0.23635	0.66	19.74545	71	4.9	77	0.545216	-0.07967	0.5956	0.69927	18.47553	71	4.55	77	0.0	0	0.0	0	0.0	0	0.0	0
1	1	0	199	60	460.57797	67.53262879999966	67.52716670000154	0.0050589	0.0054621	0	0.500224	-0.08415	0.23608	0.66083	19.72959	71	4.77	77	0.520672	-0.02205	0.59563	0.70041	17.95977	71	4.62	77	0.0	0	0.0	0	0.0	0	0.0	0
1	1	0	200	60	460.59436	67.54755749999822	67.5435628999985	0.004939	0.0039946	0	0.569872	-0.14943	0.23635	0.66172	19.68053	71	4.82	77	0.515264	-0.07678	0.59559	0.70089	18.48392	71	4.44	77	0.0	0	0.0	0	0.0	0	0.0	0
1	1	0	205	60	460.61087	67.5674932999973	67.56007009999666	0.0049844	0.0074232	0	0.569872	-0.14943	0.23628	0.66177	19.79437	71	4.8	77	0.515264	-0.07678	0.59552	0.70096	18.59197	71	4.44	77	0.0	0	0.0	0	0.0	0	0.0	0
1	1	0	206	60	460.62729	67.58243869999933	67.57649569999921	0.004975	0.005943	0	0.226544	-0.09261	0.22773	0.66333	19.39945	71	4.72	77	0.209072	-0.11453	0.58663	0.70301	18.39441	71	4.41	77	0.0	0	0.0	0	0.0	0	0.0	0
1	1	0	207	60	460.64362	67.5974384000001	67.59280930000023	0.0049628	0.0046291	0	0.116048	-0.20777	0.22473	0.66465	18.50559	71	4.77	77	0.137984	-0.18663	0.58252	0.7043	17.90471	71	4.53	77	0.0	0	0.0	0	0.0	0	0.0	0
1	1	0	208	60	460.66013	67.61742009999944	67.60930899999948	0.0050516	0.0081111	0	0.116048	-0.20777	0.22509	0.6651	19.56296	71	4.71	77	0.137984	-0.18663	0.58295	0.7048	18.71379	71	4.54	77	0.0	0	0.0	0	0.0	0	0.0	0
1	1	0	209	60	460.67661	67.63235189999978	67.62579339999866	0.0050229	0.0065585	0	0.143696	-0.19485	0.22422	0.66489	19.11229	71	4.62	77	0.085088	-0.16568	0.58253	0.70423	18.53357	71	4.39	77	0.0	0	0.0	0	0.0	0	0.0	0
1	1	0	210	60	460.69296	67.6473119000002	67.64216569999917	0.0050134	0.0051462	0	0.135152	-0.19972	0.22391	0.66442	19.11776	71	4.62	77	0.073312	-0.13574	0.58246	0.70344	18.75608	71	4.49	77	0.0	0	0.0	0	0.0	0	0.0	0
1	1	0	211	60	460.7095	67.66224919999877	67.6586862999975	0.0048565	0.0035629	0	0.135152	-0.19972	0.2239	0.66437	19.11538	71	4.61	77	0.073312	-0.13574	0.58241	0.70358	18.9394	71	4.47	77	0.0	0	0.0	0	0.0	0	0.0	0
1	1	0	212	60	460.72589	67.6822175999987	67.67508749999615	0.0050204	0.0071301	0	0.117728	-0.20028	0.22385	0.66383	19.02438	71	4.55	77	0.103312	-0.17139	0.58269	0.70305	18.47641	71	4.39	77	0.0	0	0.0	0	0.0	0	0.0	0
1	1	0	213	60	460.7424	67.69713969999793	67.69160180000108	0.0049347	0.0055379	0	0.149552	-0.18161	0.22407	0.66354	19.09092	71	4.47	77	0.118016	-0.20701	0.58282	0.703	18.54386	71	4.39	77	0.0	0	0.0	0	0.0	0	0.0	0
1	1	0	214	60	460.75867	67.71209859999726	67.70787129999735	0.0049836	0.0042273	0	0.150384	-0.17411	0.22407	0.66354	19.09092	71	4.47	77	0.119968	-0.20006	0.58282	0.703	18.54386	71	4.39	77	0.0	0	0.0	0	0.0	0	0.0	0
1	1	0	215	60	460.77512	67.73206070000015	67.72432839999965	0.0049537	0.0077323	0	0.187808	-0.18998	0.2243	0.6637	18.6692	71	4.47	77	0.150736	-0.19995	0.58325	0.703	18.20487	71	4.29	77	0.0	0	0.0	0	0.0	0	0.0	0
1	1	0	216	60	460.79156	67.74702039999829	67.7407624999978	0.0049438	0.0062579	0	0.2452	-0.17495	0.22651	0.66476	18.6879	71	4.48	77	0.200096	-0.10914	0.58539	0.70395	17.26242	71	4.21	77	0.0	0	0.0	0	0.0	0	0.0	0
1	1	0	217	60	460.80801	67.76200859999881	67.75721749999866	0.0050171	0.0047911	0	0.2452	-0.17495	0.22659	0.66478	18.7847	71	4.46	77	0.200096	-0.10914	0.58544	0.70373	17.11489	71	4.21	77	0.0	0	0.0	0	0.0	0	0.0	0
1	1	0	222	60	460.82437	67.78190709999762	67.77357669999765	0.0049831	0.0083304	0	0.216336	-0.19548	0.22592	0.66509	18.67987	71	4.46	77	0.165216	-0.19257	0.5853	0.70427	17.2928	71	4.21	77	0.0	0	0.0	0	0.0	0	0.0	0
1	1	0	223	60	460.84085	67.79687439999907	67.79005630000029	0.0049757	0.0068181	0	0.20632	-0.24954	0.22611	0.66544	18.77938	71	4.46	77	0.169456	-0.21802	0.585	0.70498	17.72471	71	4.23	77	0.0	0	0.0	0	0.0	0	0.0	0
1	1	0	224	60	460.85733	67.81187349999891	67.8065389000003	0.0050015	0.0053346	0	0.20632	-0.24954	0.22611	0.66544	18.77938	71	4.45	77	0.171872	-0.21156	0.58528	0.70456	17.13809	71	4.28	77	0.0	0	0.0	0	0.0	0	0.0	0
1	1	0	225	60	460.87378	67.82684079999672	67.82296659999702	0.0049836	0.0038742	0	0.208384	-0.18413	0.22591	0.66625	18.49548	71	4.45	77	0.1804	-0.23822	0.58533	0.70538	16.8451	71	4.33	77	0.0	0	0.0	0	0.0	0	0.0	0
1	1	0	226	60	460.8902	67.8468178999974	67.83938959999432	0.0050091	0.0074283	0	0.175664	-0.166	0.22556	0.66684	18.5254	71	4.44	77	0.164032	-0.17132	0.58469	0.70603	17.92126	71	4.3	77	0.0	0	0.0	0	0.0	0	0.0	0
1	1	0	227	60	460.90662	67.86171399999876	67.85579659999712	0.0049307	0.0059174	0	0.175616	-0.1663	0.22556	0.66684	18.5254	71	4.43	77	0.163936	-0.1716	0.58488	0.70595	17.15978	71	4.29	77	0.0	0	0.0	0	0.0	0	0.0	0
1	1	0	228	60	460.92307	67.87767389999863	67.87225829999807	0.0049972	0.0054156	0	0.057008	-0.21358	0.22301	0.66786	18.58158	71	4.44	77	0.159008	-0.16464	0.58207	0.70686	17.64279	71	4.2	77	0.0	0	0.0	0	0.0	0	0.0	0
1	1	0	229	60	460.93945	67.8926685999977	67.88863299999866	0.0049672	0.0040356	0	-0.143456	-0.19907	0.21621	0.66673	17.94703	71	4.48	77	-0.16	-0.11922	0.5749	0.7059	17.7499	71	4.29	77	0.0	0	0.0	0	0.0	0	0.0	0
1	1	0	230	60	460.9559	67.91256289999728	67.90510059999724	0.0048239	0.0074623	0	-0.143456	-0.19907	0.21636	0.66689	18.29354	71	4.45	77	-0.16	-0.11922	0.57505	0.7062	18.03061	71	4.34	77	0.0	0	0.0	0	0.0	0	0.0	0
1	1	0	231	60	460.97226	67.92755739999848	67.92144600000029	0.0049464	0.0061114	0	-0.156864	-0.16913	0.21491	0.66708	18.07749	71	4.43	77	-0.230672	-0.19577	0.57298	0.70588	18.13081	71	4.34	77	0.0	0	0.0	0	0.0	0	0.0	0
1	1	0	232	60	460.98874	67.94249839999975	67.93791169999895	0.0050263	0.0045867	0	-0.219312	-0.14109	0.21495	0.66701	18.09443	71	4.46	77	-0.234272	-0.16833	0.5731	0.70597	18.22514	71	4.37	77	0.0	0	0.0	0	0.0	0	0.0	0
1	1	0	233	60	461.00522	67.96244889999798	67.95442529999855	0.0049675	0.0080236	0	-0.222672	-0.13358	0.21456	0.66614	17.14486	71	4.48	77	-0.236288	-0.16124	0.57315	0.7059	18.13275	71	4.36	77	0.0	0	0.0	0	0.0	0	0.0	0
1	1	0	234	60	461.02161	67.97743019999689	67.97078899999906	0.0050084	0.0066412	0	-0.197424	-0.15345	0.2148	0.66548	17.07516	71	4.48	77	-0.198544	-0.21012	0.57361	0.70548	17.94393	71	4.3	77	0.0	0	0.0	0	0.0	0	0.0	0
1	1	0	235	60	461.03809	67.9923893999985	67.98728779999874	0.0049917	0.0051016	0	-0.166224	-0.14597	0.21486	0.66515	17.18783	71	4.45	77	-0.217168	-0.19868	0.57383	0.70527	18.07561	71	4.28	77	0.0	0	0.0	0	0.0	0	0.0	0
1	1	0	236	60	461.05441	68.00730879999901	68.00362559999849	0.0049461	0.0036832	0	-0.166224	-0.14597	0.215	0.66532	17.52551	71	4.42	77	-0.217168	-0.19868	0.57383	0.70527	18.07561	71	4.28	77	0.0	0	0.0	0	0.0	0	0.0	0
1	1	0	237	60	461.07083	68.02726039999834	68.0200397999979	0.0049619	0.0072206	0	-0.1992	-0.17241	0.21473	0.66491	16.95185	71	4.47	77	-0.231312	-0.18341	0.57347	0.70449	17.85079	71	4.28	77	0.0	0	0.0	0	0.0	0	0.0	0
1	1	0	238	60	461.08734	68.0422710999992	68.03652639999927	0.0049746	0.0057447	0	-0.224272	-0.19185	0.21456	0.66492	17.2915	71	4.44	77	-0.215472	-0.11939	0.57279	0.70352	16.73444	71	4.41	77	0.0	0	0.0	0	0.0	0	0.0	0
1	1	0	239	60	461.10385	68.057238399997	68.0530275999954	0.0049636	0.0042108	0	-0.22088	-0.1987	0.21473	0.66521	17.65618	71	4.39	77	-0.213712	-0.12696	0.57331	0.7041	17.81074	71	4.33	77	0.0	0	0.0	0	0.0	0	0.0	0
1	1	0	244	60	461.12012	68.07215689999794	68.06931089999853	0.0049811	0.002846	0	-0.194352	-0.1579	0.21351	0.66549	17.37055	71	4.4	77	-0.181872	-0.19652	0.57221	0.70393	17.91432	71	4.23	77	0.0	0	0.0	0	0.0	0	0.0	0
1	1	0	245	60	461.13666	68.0920950999971	68.08586479999576	0.0049541	0.0062303	0	-0.242864	-0.18804	0.21286	0.66581	17.19703	71	4.47	77	-0.229264	-0.18206	0.57139	0.70334	17.05057	71	4.36	77	0.0	0	0.0	0	0.0	0	0.0	0
1	1	0	246	60	461.15292	68.10708429999795	68.10211209999761	0.0050352	0.0049722	0	-0.242864	-0.18804	0.21314	0.66598	17.66265	71	4.4	77	-0.227344	-0.18887	0.57175	0.70387	17.77746	71	4.28	77	0.0	0	0.0	0	0.0	0	0.0	0
1	1	0	247	60	461.16943	68.1220218999988	68.11861919999865	0.0050128	0.0034027	0	-0.494736	-0.24901	0.20812	0.67009	17.77174	71	4.56	77	-0.415664	-0.30352	0.56539	0.70714	16.63951	71	4.15	77	0.0	0	0.0	0	0.0	0	0.0	0
1	1	0	248	60	461.18585	68.13701179999771	68.13504829999874	0.0050395	0.0019635	0	-0.413904	-0.29318	0.20619	0.67197	18.05113	71	4.45	77	-0.484736	-0.30389	0.56307	0.70846	17.33628	71	4.18	77	0.0	0	0.0	0	0.0	0	0.0	0
1	1	0	249	60	461.20236	68.15699799999857	68.151569499998	0.0049772	0.0054285	0	-0.414128	-0.29295	0.20579	0.67196	17.31164	71	4.57	77	-0.489728	-0.2982	0.56251	0.70849	16.79739	71	4.32	77	0.0	0	0.0	0	0.0	0	0.0	0
1	1	0	250	60	461.21875	68.17287059999944	68.16793340000004	0.0049608	0.0049372	0	-0.471072	-0.35218	0.20492	0.67392	17.46155	71	4.52	77	-0.453104	-0.32836	0.56207	0.70979	16.74773	71	4.29	77	0.0	0	0.0	0	0.0	0	0.0	0
1	1	0	251	60	461.23511	68.18784709999818	68.18430159999843	0.0049816	0.0035455	0	-0.45144	-0.32969	0.20446	0.67458	17.4009	71	4.54	77	-0.447184	-0.30988	0.56176	0.71047	16.92424	71	4.31	77	0.0	0	0.0	0	0.0	0	0.0	0
1	1	0	252	60	461.25146	68.20279209999717	68.20065899999463	0.0049573	0.0021331	0	-0.457328	-0.32457	0.2045	0.67465	17.47743	71	4.53	77	-0.451408	-0.30467	0.56168	0.71055	16.9281	71	4.44	77	0.0	0	0.0	0	0.0	0	0.0	0
1	1	0	253	60	461.26791	68.22277810000014	68.2170855000004	0.0048952	0.0056926	0	-0.443696	-0.31839	0.20384	0.67557	17.3289	71	4.52	77	-0.503504	-0.29422	0.56113	0.71071	16.90225	71	4.34	77	0.0	0	0.0	0	0.0	0	0.0	0
1	1	0	254	60	461.28445	68.23771009999837	68.23364659999788	0.0049763	0.0040635	0	-0.499552	-0.28468	0.20409	0.67521	17.54215	71	4.54	77	-0.50456	-0.30477	0.56123	0.71079	16.88397	71	4.31	77	0.0	0	0.0	0	0.0	0	0.0	0
1	1	0	255	60	461.30078	68.25768789999711	68.24996149999788	0.0049646	0.0077264	0	-0.499552	-0.28468	0.20409	0.67521	17.54215	71	4.54	77	-0.49976	-0.30998	0.56118	0.71078	16.8278	71	4.32	77	0.0	0	0.0	0	0.0	0	0.0	0
1	1	0	256	60	461.31735	68.27261569999973	68.26654899999994	0.0048542	0.0060667	0	-0.476656	-0.30614	0.2042	0.67511	17.57477	71	4.51	77	-0.43944	-0.31822	0.56183	0.71045	17.01992	71	4.3	77	0.0	0	0.0	0	0.0	0	0.0	0
1	1	0	257	60	461.33371	68.28758789999847	68.28289569999833	0.0050418	0.0046922	0	-0.450608	-0.32354	0.20452	0.67473	17.40144	71	4.62	77	-0.468752	-0.29675	0.56196	0.7104	16.77921	71	4.36	77	0.0	0	0.0	0	0.0	0	0.0	0
1	1	0	262	60	461.35019	68.30252349999864	68.29938479999691	0.0049598	0.0031387	0	-0.438624	-0.33415	0.20461	0.67492	17.73364	71	4.53	77	-0.464	-0.30246	0.56197	0.71042	16.86994	71	4.33	77	0.0	0	0.0	0	0.0	0	0.0	0
1	1	0	263	60	461.36658	68.32249009999941	68.3157656000003	0.0049719	0.0067245	0	-0.375984	-0.30371	0.20467	0.67446	17.15931	71	4.58	77	-0.474816	-0.32388	0.56246	0.71061	16.63673	71	4.37	77	0.0	0	0.0	0	0.0	0	0.0	0
1	1	0	264	60	461.383	68.33747629999925	68.3321941999966	0.0050426	0.0052821	0	-0.560064	-0.30366	0.2018	0.67517	18.02688	71	4.58	77	-0.515376	-0.35406	0.55989	0.71136	16.70858	71	4.15	77	0.0	0	0.0	0	0.0	0	0.0	0
1	1	0	270	60	465.93359	72.88836809999702	72.88278609999907	0.0050699	0.005582	0	-0.107824	0.1325	0.20474	0.68147	19.61145	71	5.13	77	-0.116512	0.08789	0.56151	0.71408	20.28877	71	5.08	77	0.0	0	0.0	0	0.0	0	0.0	22
1	1	0	271	60	465.95007	72.90325630000007	72.89926759999798	0.0047345	0.0039887	0	-0.107824	0.1325	0.20474	0.68147	19.61145	71	5.13	77	-0.116512	0.08789	0.56151	0.71408	20.28877	71	5.08	77	0.0	0	0.0	0	0.0	0	0.0	22
1	1	0	272	60	465.96643	72.9182241999988	72.91563949999909	0.0050096	0.0025847	0	-0.614736	0.24131	0.18676	0.68706	20.67967	71	5.42	77	-0.643104	0.27238	0.54101	0.71878	20.49877	71	5.14	77	0.0	0	0.0	0	0.0	0	0.0	0
1	1	0	273	60	465.98297	72.93821860000025	72.93215920000148	0.0049924	0.0060594	0	-0.600928	0.2201	0.18661	0.68638	20.23817	71	5.33	77	-0.626272	0.23852	0.54088	0.71805	19.74677	71	5.14	77	0.0	0	0.0	0	0.0	0	0.0	0
1	1	0	274	60	465.99942	72.95312360000025	72.9486266999993	0.0050161	0.0044969	0	-0.60152	0.20673	0.18511	0.69247	20.31158	71	5.37	77	-0.582576	0.26112	0.5397	0.72394	20.40396	71	5.16	77	0.0	0	0.0	0	0.0	0	0.0	0
1	1	0	276	60	466.01575	72.96807649999755	72.96492999999828	0.0049838	0.0031465	0	-0.580416	0.19541	0.18424	0.6967	20.66806	71	5.34	77	-0.578496	0.13311	0.53904	0.72744	20.42809	71	5.15	77	0.0	0	0.0	0	0.0	0	0.0	0
1	1	0	277	60	466.03229	72.9830845999968	72.98147099999551	0.0049641	0.0016136	0	-0.57288	0.18378	0.18419	0.6961	20.30607	71	5.32	77	-0.578496	0.13311	0.53908	0.72746	20.4008	71	5.17	77	0.0	0	0.0	0	0.0	0	0.0	0
1	1	0	278	60	466.04871	73.00301079999917	72.99791120000009	0.0050042	0.0050996	0	-0.548608	0.17603	0.1834	0.70518	20.50553	71	5.35	77	-0.573792	0.1819	0.5384	0.73626	20.28863	71	5.27	77	0.0	0	0.0	0	0.0	0	0.0	0
1	1	0	283	60	466.06516	73.01798919999783	73.0143442999979	0.0049881	0.0036449	0	-0.60672	0.21521	0.1833	0.71058	20.74309	71	5.43	77	-0.618944	0.22382	0.53829	0.74172	20.53142	71	5.25	77	0.0	0	0.0	0	0.0	0	0.0	0
1	1	0	284	60	466.08154	73.03290279999783	73.03072599999723	0.0049354	0.0021768	0	-0.628416	0.2481	0.18346	0.71033	20.77392	71	5.39	77	-0.635584	0.25719	0.53844	0.74198	20.63299	71	5.26	77	0.0	0	0.0	0	0.0	0	0.0	0
1	1	0	285	60	466.0979	73.05288789999759	73.04709479999656	0.0049338	0.0057931	0	-0.611584	0.24777	0.18354	0.72008	21.10142	71	5.4	77	-0.632928	0.27164	0.53822	0.75142	20.45695	71	5.23	77	0.0	0	0.0	0	0.0	0	0.0	0
1	1	0	286	60	466.11441	73.06786379999903	73.06359389999852	0.0050332	0.0042699	0	-0.611584	0.24777	0.18306	0.72426	20.15757	71	5.58	77	-0.588272	0.25737	0.5379	0.75537	20.21157	71	5.29	77	0.0	0	0.0	0	0.0	0	0.0	0
1	1	0	287	60	466.13074	73.08779879999929	73.07994509999844	0.0049991	0.0078537	0	-0.611584	0.24777	0.18354	0.72356	20.65692	71	5.44	77	-0.588272	0.25737	0.538	0.75535	20.10447	71	5.4	77	0.0	0	0.0	0	0.0	0	0.0	0
1	1	0	288	60	466.14725	73.10276519999752	73.09645939999973	0.0049687	0.0063058	0	-0.63544	0.27897	0.18307	0.72885	20.81051	71	5.46	77	-0.602176	0.27781	0.53729	0.76012	20.85407	71	5.36	77	0.0	0	0.0	0	0.0	0	0.0	0
1	1	0	289	60	466.16357	73.11767889999828	73.1127826999982	0.0049445	0.0048962	0	-0.654288	0.23616	0.18226	0.73088	21.09362	71	5.54	77	-0.599296	0.23372	0.53612	0.76083	21.18311	71	5.28	77	0.0	0	0.0	0	0.0	0	0.0	0
1	1	0	290	60	466.18018	73.13264249999702	73.12936709999849	0.0048753	0.0032754	0	-0.654288	0.23616	0.18214	0.72978	20.5413	71	5.43	77	-0.599296	0.23372	0.53583	0.76	19.95485	71	5.34	77	0.0	0	0.0	0	0.0	0	0.0	0
1	1	0	291	60	466.19644	73.15258449999965	73.14564080000127	0.0049839	0.0069437	0	-0.701648	0.26481	0.1798	0.73308	20.81684	71	5.41	77	-0.689264	0.26493	0.53234	0.76196	20.19477	71	5.3	77	0.0	0	0.0	0	0.0	0	0.0	0
1	1	0	292	60	466.21292	73.16758469999695	73.16212749999613	0.0049648	0.0054572	0	-0.672464	0.21468	0.17889	0.73484	20.44912	71	5.46	77	-0.688544	0.27627	0.5311	0.76322	20.37166	71	5.21	77	0.0	0	0.0	0	0.0	0	0.0	0
1	1	0	293	60	466.22943	73.18253659999755	73.17864089999784	0.0050167	0.0038957	0	-0.664288	0.20344	0.17892	0.73451	20.3822	71	5.43	77	-0.68208	0.2641	0.53082	0.76264	19.788	71	5.29	77	0.0	0	0.0	0	0.0	0	0.0	0
1	1	0	294	60	466.24582	73.19751859999815	73.19501149999633	0.0050256	0.0025071	0	-0.623696	0.18008	0.1778	0.73936	19.85828	71	5.33	77	-0.657888	0.25304	0.52921	0.76667	20.10043	71	5.08	77	0.0	0	0.0	0	0.0	0	0.0	0
1	1	0	295	60	466.26227	73.21743509999942	73.21148109999922	0.0049719	0.005954	0	-0.660976	0.18402	0.17721	0.74092	19.6434	71	5.21	77	-0.682464	0.22473	0.52856	0.76793	20.07289	71	5.02	77	0.0	0	0.0	0	0.0	0	0.0	0
1	1	0	296	60	466.27878	73.23242989999926	73.22797069999797	0.0050229	0.0044592	0	-0.660976	0.18402	0.17744	0.74075	19.99174	71	5.16	77	-0.682464	0.22473	0.52832	0.76717	19.08393	71	5.06	77	0.0	0	0.0	0	0.0	0	0.0	0
1	1	0	297	60	466.2951	73.25231799999892	73.24430610000127	0.0049486	0.0080119	0	-0.677584	0.3222	0.17809	0.74151	19.40866	71	5.0	77	-0.59752	0.38194	0.52792	0.76745	18.71491	71	4.86	77	0.0	0	0.0	0	0.0	0	0.0	0
1	1	0	298	60	466.31174	73.26733069999682	73.2609246999964	0.0049867	0.006406	0	-0.637744	0.37702	0.17911	0.74021	18.72296	71	4.85	77	-0.611648	0.44298	0.52776	0.76689	19.10364	71	4.83	77	0.0	0	0.0	0	0.0	0	0.0	0
1	1	0	299	60	466.32788	73.28223729999809	73.2770885999962	0.0049572	0.0051487	0	-0.637744	0.37702	0.17928	0.74078	19.13527	71	4.96	77	-0.606288	0.42929	0.52779	0.76687	19.10387	71	4.82	77	0.0	0	0.0	0	0.0	0	0.0	0
1	1	0	300	60	466.34457	73.30222279999725	73.2937595000003	0.0048683	0.0084633	0	-0.599904	0.33753	0.17927	0.74277	18.16857	71	4.7	77	-0.567568	0.40494	0.52829	0.76889	18.50426	71	4.68	77	0.0	0	0.0	0	0.0	0	0.0	0
1	1	0	301	60	466.36078	73.31722799999989	73.30996009999944	0.0050318	0.0072679	0	-0.5592	0.31475	0.17959	0.74281	17.66393	71	4.67	77	-0.55	0.3633	0.52856	0.76916	18.55761	71	4.66	77	0.0	0	0.0	0	0.0	0	0.0	0
1	1	0	302	60	466.37717	73.33220139999685	73.32636689999708	0.0049749	0.0058345	0	-0.544864	0.28892	0.17966	0.74281	17.81021	71	4.62	77	-0.539504	0.33559	0.52851	0.76907	18.69784	71	4.55	77	0.0	0	0.0	0	0.0	0	0.0	0
1	1	0	307	60	466.39365	73.34710669999913	73.34284280000065	0.004971	0.0042639	0	-0.562096	0.27979	0.18074	0.74286	17.59085	71	4.54	77	-0.555168	0.32084	0.52933	0.76935	17.74743	71	4.5	77	0.0	0	0.0	0	0.0	0	0.0	0
1	1	0	308	60	466.41019	73.3670839999977	73.35937339999873	0.005002	0.0077106	0	-0.47056	0.28478	0.18464	0.74273	17.79431	71	4.48	77	-0.426384	0.28036	0.53354	0.76897	16.28254	71	4.65	77	0.0	0	0.0	0	0.0	0	0.0	0
1	1	0	309	60	466.42648	73.38206480000008	73.3756790999978	0.0050472	0.0063857	0	-0.477072	0.29812	0.1847	0.74353	17.77713	71	4.69	77	-0.434528	0.30669	0.53381	0.77054	18.06963	71	4.52	77	0.0	0	0.0	0	0.0	0	0.0	0
1	1	0	310	60	466.44302	73.3969698999972	73.39219539999613	0.0050037	0.0047745	0	-0.08176	0.30617	0.1982	0.74152	17.9187	71	4.67	77	-0.072672	0.37359	0.54664	0.77056	17.42483	71	4.37	77	0.0	0	0.0	0	0.0	0	0.0	0
1	1	0	311	60	466.45935	73.41691290000017	73.40855519999968	0.0049154	0.0083577	0	-0.056704	0.33493	0.19878	0.7416	18.42547	71	4.62	77	-0.092048	0.3952	0.547	0.77085	17.40662	71	4.34	77	0.0	0	0.0	0	0.0	0	0.0	0
1	1	0	312	60	466.47586	73.43190309999773	73.4250452999986	0.0049713	0.0068578	0	-0.059616	0.3612	0.19844	0.74156	18.0242	71	4.76	77	-0.0928	0.42236	0.54684	0.77121	17.8245	71	4.35	77	0.0	0	0.0	0	0.0	0	0.0	0
1	1	0	313	60	466.49222	73.44683499999883	73.44142619999911	0.0049643	0.0054088	0	-0.045072	0.3412	0.19992	0.74111	17.72632	71	4.64	77	-0.06672	0.3816	0.54859	0.77125	17.09049	71	4.26	77	0.0	0	0.0	0	0.0	0	0.0	0
1	1	0	314	60	466.50861	73.46185129999867	73.45780060000106	0.0050075	0.0040507	0	-0.072	0.40212	0.20047	0.74031	17.99857	71	4.62	77	-0.13344	0.41602	0.54905	0.77116	17.1526	71	4.28	77	0.0	0	0.0	0	0.0	0	0.0	0
1	1	0	315	60	466.52512	73.48179049999817	73.4743279999966	0.0050122	0.0074625	0	-0.072	0.40212	0.20041	0.74026	18.10574	71	4.6	77	-0.132688	0.40279	0.54916	0.77066	17.15373	71	4.3	77	0.0	0	0.0	0	0.0	0	0.0	0
1	1	0	316	60	466.54156	73.49670649999825	73.49077189999662	0.0048257	0.0059346	0	-0.046016	0.34262	0.20112	0.73693	17.51742	71	4.58	77	-0.065808	0.32552	0.54993	0.76802	16.99742	71	4.13	77	0.0	0	0.0	0	0.0	0	0.0	0
1	1	0	317	60	466.55792	73.51172829999996	73.50711690000026	0.0049825	0.0046114	0	-0.0316	0.34839	0.20147	0.73476	17.87084	71	4.52	77	-0.042512	0.33273	0.55009	0.76656	16.61168	71	4.34	77	0.0	0	0.0	0	0.0	0	0.0	0
1	1	0	318	60	466.57446	73.52662399999826	73.52364229999876	0.0049157	0.0029817	0	-0.030448	0.3355	0.20146	0.73416	17.92686	71	4.47	77	-0.042512	0.33273	0.55003	0.76563	16.56385	71	4.24	77	0.0	0	0.0	0	0.0	0	0.0	0
1	1	0	319	60	466.59067	73.546593199997	73.53985879999527	0.0050135	0.0067344	0	-0.069584	0.30737	0.20251	0.72927	18.19981	71	4.5	77	-0.08576	0.38033	0.55124	0.76093	16.77997	71	4.25	77	0.0	0	0.0	0	0.0	0	0.0	0
1	1	0	320	60	466.60733	73.5615414999993	73.5565213000009	0.004961	0.0050202	0	0.066272	0.283	0.20716	0.72764	18.16393	71	4.53	77	0.112576	0.33812	0.55572	0.76	17.1205	71	4.29	77	0.0	0	0.0	0	0.0	0	0.0	0
1	1	0	321	60	466.62354	73.57649079999828	73.57273259999783	0.0049788	0.0037582	0	0.06616	0.2952	0.20712	0.72735	17.85184	71	4.61	77	0.114208	0.35062	0.55606	0.75925	16.69052	71	4.26	77	0.0	0	0.0	0	0.0	0	0.0	0
1	1	0	322	60	466.64011	73.59647579999728	73.58930979999786	0.0049531	0.007166	0	0.202512	0.26724	0.21044	0.72481	17.55655	71	4.42	77	0.17432	0.25092	0.55852	0.7574	15.98703	71	3.99	77	0.0	0	0.0	0	0.0	0	0.0	0
1	1	0	323	60	466.65656	73.61141289999796	73.60574719999931	0.0049421	0.0056657	0	0.200864	0.19953	0.21037	0.72279	17.76256	71	4.4	77	0.154352	0.2104	0.55912	0.75587	16.52314	71	3.98	77	0.0	0	0.0	0	0.0	0	0.0	0
1	1	0	324	60	466.67303	73.6264022999967	73.62221579999459	0.0049906	0.0041865	0	0.200864	0.19953	0.2107	0.7225	17.89178	71	4.4	77	0.154352	0.2104	0.55915	0.75516	16.31164	71	3.98	77	0.0	0	0.0	0	0.0	0	0.0	0
1	1	0	325	60	466.68942	73.64131909999924	73.63861750000069	0.0049699	0.0027016	0	0.235904	0.18736	0.21024	0.71837	17.56357	71	4.5	77	0.18488	0.20416	0.55933	0.75201	16.31019	71	4.15	77	0.0	0	0.0	0	0.0	0	0.0	0
1	1	0	326	60	466.70575	73.66128229999958	73.65492409999933	0.0049697	0.0063582	0	0.184592	0.18322	0.20968	0.71665	17.84256	71	4.43	77	0.151184	0.20338	0.55927	0.75023	16.65818	71	4.03	77	0.0	0	0.0	0	0.0	0	0.0	0
1	1	0	327	60	466.72229	73.67726129999937	73.67149639999843	0.0049198	0.0057649	0	0.184592	0.18322	0.20976	0.71666	17.98836	71	4.42	77	0.153648	0.21666	0.55925	0.74912	16.27117	71	4.03	77	0.0	0	0.0	0	0.0	0	0.0	0
1	1	0	328	60	466.73859	73.69326219999857	73.68778239999665	0.0050498	0.0054798	0	0.276304	0.2669	0.20974	0.71373	17.64669	71	4.53	77	0.21424	0.29101	0.55979	0.74628	16.52386	71	4.03	77	0.0	0	0.0	0	0.0	0	0.0	0
1	1	0	333	60	466.75516	73.70814059999975	73.70435920000091	0.0049769	0.0037814	0	0.345408	0.35295	0.2118	0.70976	18.77835	71	4.53	77	0.366448	0.48505	0.5614	0.74207	16.52061	71	4.46	77	0.0	0	0.0	0	0.0	0	0.0	0
1	1	0	334	60	466.77158	73.7280901999984	73.72074289999728	0.0049412	0.0073473	0	0.34872	0.36826	0.21198	0.70931	18.62275	71	4.54	77	0.366448	0.48505	0.5614	0.74182	16.56189	71	4.27	77	0.0	0	0.0	0	0.0	0	0.0	0
1	1	0	335	60	466.78806	73.74414699999761	73.73724689999653	0.0050322	0.0069001	0	0.38672	0.41745	0.21095	0.70588	18.66383	71	4.58	77	0.336208	0.45433	0.56096	0.73786	16.99575	71	4.25	77	0.0	0	0.0	0	0.0	0	0.0	0
1	1	0	336	60	466.80444	73.75902089999727	73.7536349999973	0.0050227	0.0053859	0	0.358736	0.41794	0.21067	0.70471	18.6797	71	4.63	77	0.320512	0.46146	0.56091	0.73673	17.54458	71	4.28	77	0.0	0	0.0	0	0.0	0	0.0	0
1	1	0	337	60	466.82086	73.77399429999787	73.77006999999867	0.0049903	0.0039243	0	0.355264	0.40175	0.2107	0.70467	18.63789	71	4.63	77	0.312624	0.43136	0.56071	0.73697	17.30959	71	4.42	77	0.0	0	0.0	0	0.0	0	0.0	0
1	1	0	338	60	466.83722	73.7899503999979	73.7864193999958	0.0059772	0.003531	0	0.35864	0.39216	0.21011	0.70248	18.54845	71	4.72	77	0.321264	0.43332	0.56094	0.73434	17.48173	71	4.29	77	0.0	0	0.0	0	0.0	0	0.0	0
1	1	0	339	60	466.85373	73.80491709999842	73.80291589999979	0.0050122	0.0020012	0	0.348448	0.36269	0.21009	0.70212	18.88379	71	4.7	77	0.27216	0.39951	0.56106	0.73364	17.79024	71	4.36	77	0.0	0	0.0	0	0.0	0	0.0	0
1	1	0	340	60	466.87006	73.8249106000003	73.8192541999997	0.0049525	0.0056564	0	0.345568	0.34941	0.21015	0.70201	18.82935	71	4.69	77	0.27216	0.39951	0.56111	0.73332	17.75098	71	4.3	77	0.0	0	0.0	0	0.0	0	0.0	0
1	1	0	341	60	466.88651	73.8447720999975	73.83569779999743	0.0049509	0.0090743	0	0.32976	0.36641	0.20997	0.70035	18.6092	71	4.79	77	0.297408	0.37774	0.56146	0.73119	17.68521	71	4.47	77	0.0	0	0.0	0	0.0	0	0.0	0
1	1	0	342	60	466.90305	73.85978659999819	73.85223009999754	0.0049946	0.0075565	0	0.410848	0.38782	0.2099	0.69996	19.29888	71	4.77	77	0.25464	0.4527	0.56134	0.7309	18.14118	71	4.46	77	0.0	0	0.0	0	0.0	0	0.0	0
1	1	0	343	60	466.9194	73.87472689999777	73.86861389999831	0.0049964	0.006113	0	0.414384	0.40142	0.20983	0.70011	19.52955	71	4.75	77	0.257616	0.46649	0.56134	0.73055	18.01502	71	4.38	77	0.0	0	0.0	0	0.0	0	0.0	0
1	1	0	344	60	466.93585	73.88968109999769	73.88504909999756	0.0050227	0.004632	0	0.054544	0.27911	0.20152	0.70022	18.22227	71	4.8	77	-0.020096	0.3129	0.55251	0.73034	16.79086	71	4.53	77	0.0	0	0.0	0	0.0	0	0.0	0
1	1	0	345	60	466.95224	73.90460109999913	73.9014485000007	0.0049076	0.0031526	0	0.073696	0.31274	0.20178	0.69984	18.18235	71	4.83	77	-0.02896	0.31662	0.55278	0.72986	16.88025	71	4.61	77	0.0	0	0.0	0	0.0	0	0.0	0
1	1	0	346	60	466.96866	73.92557859999943	73.91785679999884	0.006006	0.0077218	0	0.073696	0.31274	0.20184	0.69968	18.68591	71	4.77	77	-0.0292	0.30449	0.55283	0.73028	17.74491	71	4.47	77	0.0	0	0.0	0	0.0	0	0.0	0
1	1	0	347	60	466.98508	73.9405157000001	73.93427280000105	0.0049475	0.0062429	0	0.036768	0.28622	0.20199	0.69804	18.78037	71	4.77	77	0.022336	0.27189	0.55362	0.72808	17.21913	71	4.54	77	0.0	0	0.0	0	0.0	0	0.0	0
1	1	0	348	60	467.0015	73.95558109999911	73.95067500000005	0.0047855	0.0049061	0	0.047344	0.2846	0.20222	0.69686	18.5506	71	4.81	77	-0.009312	0.26894	0.55401	0.7276	17.83801	71	4.53	77	0.0	0	0.0	0	0.0	0	0.0	0
1	1	0	353	60	467.01797	73.97049530000004	73.96717189999981	0.0050585	0.0033234	0	0.047664	0.27239	0.20219	0.69692	18.74204	71	4.78	77	-0.009312	0.26894	0.5539	0.72721	17.76838	71	4.55	77	0.0	0	0.0	0	0.0	0	0.0	0
1	1	0	354	60	467.03436	73.9914202	73.98356570000033	0.0059851	0.0078545	0	0.028816	0.24373	0.20253	0.69591	18.69515	71	4.78	77	-0.02184	0.25975	0.55468	0.72665	18.13815	71	4.55	77	0.0	0	0.0	0	0.0	0	0.0	0
1	1	0	355	60	467.05084	74.0063412999989	74.00004350000017	0.0048996	0.0062978	0	0.026	0.25321	0.20264	0.69611	18.60913	71	4.83	77	-0.014288	0.26523	0.55485	0.72688	18.09621	71	4.59	77	0.0	0	0.0	0	0.0	0	0.0	0
1	1	0	356	60	467.0672	74.022409899997	74.01638809999713	0.0061239	0.0060218	0	0.025456	0.26506	0.20263	0.69611	18.59643	71	4.84	77	-0.013904	0.27691	0.55486	0.72698	18.24473	71	4.57	77	0.0	0	0.0	0	0.0	0	0.0	0
1	1	0	357	60	467.08368	74.03732649999802	74.03286659999867	0.0050031	0.0044599	0	0.006448	0.27242	0.20244	0.69803	18.64905	71	4.81	77	0.01544	0.3269	0.55477	0.72808	17.8912	71	4.61	77	0.0	0	0.0	0	0.0	0	0.0	0
