1	1	0	68	60	163.09303	48.06626640000104	48.064153300001635	0.0050185	0.0021131	0	0.077488	-0.16593	0.22827	0.65345	20.30439	71	4.89	77	-0.048224	-0.13476	0.58605	0.68518	20.16007	71	4.73	77	0.0	0	0.0	0	0.0	0	0.0	0
1	1	0	71	60	163.10945	48.08708509999997	48.080592199999955	0.00502	0.0064929	0	0.03512	-0.14816	0.22792	0.65283	20.37381	71	4.93	77	0.006336	-0.1063	0.586	0.68469	20.23901	71	4.76	77	0.0	0	0.0	0	0.0	0	0.0	0
1	1	0	72	60	163.12593	48.10214370000176	48.09707950000302	0.0051961	0.0050642	0	0.03512	-0.14816	0.22793	0.65283	20.38917	71	4.93	77	0.006336	-0.11392	0.58608	0.68445	20.23001	71	4.82	77	0.0	0	0.0	0	0.0	0	0.0	0
1	1	0	73	60	163.14232	48.121914900002594	48.113456800001586	0.0049515	0.0084581	0	0.0476	-0.13123	0.22814	0.65271	20.02208	71	4.88	77	-0.02064	-0.11513	0.58644	0.68444	19.9678	71	4.76	77	0.0	0	0.0	0	0.0	0	0.0	0
1	1	0	74	60	163.15862	48.136885100000654	48.12976460000209	0.0050068	0.0071205	0	0.0292	-0.16896	0.22806	0.65326	19.99093	71	4.91	77	-0.02872	-0.13881	0.58628	0.68513	20.12177	71	4.78	77	0.0	0	0.0	0	0.0	0	0.0	0
1	1	0	76	60	163.17514	48.15217219999977	48.146284500002366	0.0052995	0.0058877	0	0.030416	-0.17588	0.22806	0.65326	19.99093	71	4.91	77	-0.02872	-0.13881	0.5863	0.68517	20.04608	71	4.78	77	0.0	0	0.0	0	0.0	0	0.0	0
1	1	0	77	60	163.19156	48.16679980000117	48.16271310000229	0.0050251	0.0040867	0	-0.006464	-0.17543	0.22877	0.65256	19.87432	71	4.88	77	-0.010384	-0.1021	0.58721	0.68415	20.07426	71	4.77	77	0.0	0	0.0	0	0.0	0	0.0	0
1	1	0	78	60	163.20796	48.1867811000011	48.17911269999968	0.0050303	0.0076684	0	-0.02032	-0.11552	0.22873	0.6514	20.17273	71	4.88	77	0.036992	-0.12813	0.58705	0.68349	20.1335	71	4.78	77	0.0	0	0.0	0	0.0	0	0.0	0
1	1	0	79	60	163.22444	48.201695600000676	48.19559599999775	0.0049325	0.0060996	0	-0.02208	-0.10799	0.2288	0.65129	20.1342	71	4.92	77	0.037328	-0.12068	0.58708	0.68342	20.14582	71	4.8	77	0.0	0	0.0	0	0.0	0	0.0	0
1	1	0	80	60	163.24086	48.21668570000111	48.212011300001905	0.0050137	0.0046744	0	0.039808	-0.1064	0.22941	0.6513	20.03646	71	4.9	77	0.007344	-0.14869	0.58778	0.68343	20.28145	71	4.78	77	0.0	0	0.0	0	0.0	0	0.0	0
1	1	0	81	60	163.25731	48.2316161000017	48.228458300003695	0.004966	0.0031578	0	0.056016	-0.13417	0.2295	0.65195	20.26689	71	5.0	77	-8.32E-4	-0.14189	0.58809	0.68423	20.40492	71	4.81	77	0.0	0	0.0	0	0.0	0	0.0	0
1	1	0	86	60	163.27373	48.25263780000023	48.24487940000108	0.0050641	0.0077584	0	0.056016	-0.13417	0.2295	0.65195	20.26689	71	5.0	77	-8.32E-4	-0.14189	0.58809	0.68423	20.40492	71	4.81	77	0.0	0	0.0	0	0.0	0	0.0	0
1	1	0	87	60	163.29018	48.2674997000031	48.261322300004394	0.004938	0.0061774	0	0.079904	-0.12416	0.22983	0.65288	20.36015	71	4.97	77	0.042224	-0.13158	0.58837	0.68521	20.35432	71	4.82	77	0.0	0	0.0	0	0.0	0	0.0	0
1	1	0	88	60	163.30653	48.28247970000302	48.2776877000033	0.0050174	0.004792	0	-0.005376	-0.12492	0.22895	0.65172	20.2688	71	4.93	77	-0.015936	-0.1424	0.58759	0.6843	20.36891	71	4.8	77	0.0	0	0.0	0	0.0	0	0.0	0
1	1	0	89	60	163.32304	48.30239580000125	48.29417300000205	0.004952	0.0082228	0	-0.005376	-0.12492	0.22894	0.65166	20.28312	71	4.94	77	-0.015696	-0.14961	0.58754	0.68431	20.39059	71	4.77	77	0.0	0	0.0	0	0.0	0	0.0	0
1	1	0	90	60	163.33945	48.31736720000117	48.31059870000172	0.0049604	0.0067685	0	-0.12488	-0.06021	0.2277	0.64981	20.05276	71	4.9	77	-0.091552	-0.11373	0.58556	0.68216	20.3745	71	4.89	77	0.0	0	0.0	0	0.0	0	0.0	0
1	1	0	91	60	163.35594	48.33234430000084	48.32708339999954	0.0049111	0.0052609	0	-0.103424	-0.06679	0.22783	0.64959	20.02938	71	4.98	77	-0.113008	-0.10206	0.58606	0.68237	20.43808	71	4.82	77	0.0	0	0.0	0	0.0	0	0.0	0
1	1	0	92	60	163.37234	48.347288100001606	48.34349820000352	0.0049344	0.0037899	0	-0.100736	-0.07486	0.22783	0.64959	20.02938	71	4.98	77	-0.113008	-0.10206	0.58603	0.68233	20.37297	71	4.82	77	0.0	0	0.0	0	0.0	0	0.0	0
1	1	0	93	60	163.38873	48.367232700002205	48.35988790000192	0.0049811	0.0073448	0	-0.055664	-0.1153	0.22812	0.6498	19.58409	71	4.79	77	-0.149392	-0.12578	0.58637	0.68273	19.84802	71	4.71	77	0.0	0	0.0	0	0.0	0	0.0	0
1	1	0	94	60	163.4052	48.38220370000272	48.37634130000515	0.0049876	0.0058624	0	-0.085456	-0.09613	0.22798	0.64958	19.21897	71	4.81	77	-0.16008	-0.10476	0.58629	0.68249	19.61294	71	4.66	77	0.0	0	0.0	0	0.0	0	0.0	0
1	1	0	95	60	163.42165	48.39715720000095	48.39279870000246	0.0048619	0.0043585	0	-0.087936	-0.08839	0.22796	0.64952	19.13514	71	4.81	77	-0.161952	-0.09699	0.58621	0.68257	19.68306	71	4.62	77	0.0	0	0.0	0	0.0	0	0.0	0
1	1	0	96	60	163.43797	48.41216329999952	48.40912799999933	0.0050371	0.0030353	0	-0.116112	-0.11073	0.22825	0.64912	18.33229	71	4.6	77	-0.130032	-0.06827	0.58647	0.68199	18.90046	71	4.47	77	0.0	0	0.0	0	0.0	0	0.0	0
1	1	0	97	60	163.45462	48.43208810000215	48.42575900000156	0.0049963	0.0063291	0	-0.113088	-0.09908	0.22828	0.64919	18.1609	71	4.5	77	-0.126816	-0.05185	0.58651	0.6818	18.51878	71	4.42	77	0.0	0	0.0	0	0.0	0	0.0	0
1	1	0	98	60	163.4709	48.44801770000049	48.442047900000034	0.0059223	0.0059698	0	-0.113088	-0.09908	0.22813	0.6488	17.76381	71	4.51	77	-0.126816	-0.05185	0.58655	0.68215	18.60914	71	4.38	77	0.0	0	0.0	0	0.0	0	0.0	0
1	1	0	99	60	163.48735	48.46307019999949	48.458494500002416	0.0050753998	0.0045757	0	-0.08928	-0.21291	0.22913	0.65233	17.62281	71	4.37	77	-0.141584	-0.18599	0.58625	0.68509	17.46222	71	4.21	77	0.0	0	0.0	0	0.0	0	0.0	0
1	1	0	100	60	163.50383	48.477963700002874	48.474980800001504	0.00495	0.0029829	0	-0.087936	-0.20303	0.22918	0.65261	17.50426	71	4.31	77	-0.123056	-0.22148	0.58669	0.68545	17.35352	71	4.13	77	0.0	0	0.0	0	0.0	0	0.0	0
1	1	0	101	60	163.52003	48.497890700000426	48.49118599999929	0.0049582	0.0067047	0	-0.08552	-0.20925	0.22919	0.6526	17.53059	71	4.31	77	-0.120176	-0.23402	0.58672	0.68555	17.21411	71	4.15	77	0.0	0	0.0	0	0.0	0	0.0	0
1	1	0	102	60	163.53661	48.51385360000131	48.50775740000245	0.0049794	0.0060962	0	-0.075456	-0.22685	0.22814	0.65211	15.7173	71	4.15	77	-0.125728	-0.24394	0.58641	0.68547	16.71188	71	3.92	77	0.0	0	0.0	0	0.0	0	0.0	0
1	1	0	103	60	163.5531	48.52881239999988	48.524235300003056	0.0049861	0.0045771	0	-0.047008	-0.26916	0.22815	0.65244	15.58382	71	4.19	77	-0.128864	-0.22671	0.58646	0.68589	16.51078	71	3.97	77	0.0	0	0.0	0	0.0	0	0.0	0
1	1	0	104	60	163.56943	48.54381199999989	48.54057760000069	0.0050329	0.0032344	0	-0.042752	-0.28091	0.22819	0.65245	15.66627	71	4.18	77	-0.125648	-0.24004	0.58646	0.6858	16.51027	71	3.96	77	0.0	0	0.0	0	0.0	0	0.0	0
1	1	0	105	60	163.58597	48.563710100002936	48.55710480000198	0.0049572	0.0066053	0	-0.05272	-0.21348	0.2284	0.65216	15.33376	71	4.11	77	-0.106592	-0.26705	0.58621	0.68447	14.98965	71	3.9	77	0.0	0	0.0	0	0.0	0	0.0	0
1	1	0	110	60	163.6022	48.57865859999947	48.57334289999926	0.0049661	0.0053157	0	-0.04088	-0.22935	0.2283	0.65148	14.96334	71	4.02	77	-0.090608	-0.25538	0.58622	0.68458	15.06185	71	3.87	77	0.0	0	0.0	0	0.0	0	0.0	0
1	1	0	111	60	163.6187	48.59860760000083	48.58983079999962	0.0049865	0.0087768	0	-0.042992	-0.22282	0.22845	0.65168	15.30578	71	4.0	77	-0.092976	-0.24245	0.58625	0.68481	15.30382	71	3.82	77	0.0	0	0.0	0	0.0	0	0.0	0
1	1	0	112	60	163.63513	48.61358400000245	48.60628070000166	0.0049824	0.0073033	0	-0.059776	-0.14732	0.22866	0.64798	15.1168	71	3.86	77	-0.154784	-0.10156	0.58606	0.68134	14.71593	71	3.8	77	0.0	0	0.0	0	0.0	0	0.0	0
1	1	0	113	60	163.65161	48.628554599999916	48.62276220000058	0.0049675	0.0057924	0	-0.062928	-0.05304	0.22953	0.64432	15.17844	71	3.85	77	-0.120016	-0.01806	0.58524	0.67722	15.30171	71	3.78	77	0.0	0	0.0	0	0.0	0	0.0	0
1	1	0	114	60	163.66795	48.64350580000246	48.639105800000834	0.0050093	0.0044	0	-0.067376	-0.03651	0.22925	0.64324	14.75842	71	3.85	77	-0.122864	-4.8E-4	0.58534	0.67601	14.88752	71	3.81	77	0.0	0	0.0	0	0.0	0	0.0	0
1	1	0	115	60	163.68454	48.663457599999674	48.65568099999655	0.0048627	0.0077766	0	-0.129952	0.06583	0.22883	0.64374	15.38109	71	3.75	77	-0.14536	0.04246	0.58528	0.67652	14.4926	71	3.71	77	0.0	0	0.0	0	0.0	0	0.0	0
1	1	0	116	60	163.70081	48.67845130000205	48.67194610000297	0.0049991	0.0065052	0	-0.124144	-0.00356	0.22871	0.64344	14.85486	71	3.77	77	-0.127328	-0.04651	0.58528	0.67652	14.49619	71	3.7	77	0.0	0	0.0	0	0.0	0	0.0	0
1	1	0	117	60	163.71736	48.69340020000163	48.6884979000024	0.0050194	0.0049023	0	-0.124144	-0.00356	0.2287	0.64316	14.69786	71	3.75	77	-0.127328	-0.04651	0.58533	0.67646	14.51028	71	3.71	77	0.0	0	0.0	0	0.0	0	0.0	0
1	1	0	118	60	163.73367	48.70834160000231	48.70482240000274	0.00498	0.0035192	0	-0.05104	0.00477	0.22842	0.64319	14.64239	71	3.82	77	-0.124064	-0.02698	0.58519	0.67636	14.56773	71	3.59	77	0.0	0	0.0	0	0.0	0	0.0	0
1	1	0	119	60	163.75011	48.72826040000291	48.72124030000123	0.0049587	0.0070201	0	-0.058608	0.02103	0.22819	0.64312	14.94607	71	3.71	77	-0.13496	-0.02365	0.58526	0.67641	14.42903	71	3.66	77	0.0	0	0.0	0	0.0	0	0.0	0
1	1	0	120	60	163.76677	48.74322050000046	48.737915599998814	0.0049762	0.0053049	0	-0.056528	0.01229	0.22812	0.64314	14.8017	71	3.7	77	-0.133424	-0.0321	0.58515	0.67646	14.46836	71	3.65	77	0.0	0	0.0	0	0.0	0	0.0	0
1	1	0	121	60	163.78293	48.76319810000132	48.75407880000057	0.0049684	0.0091193	0	-0.134464	0.01432	0.22773	0.64389	15.07854	71	3.68	77	-0.176368	0.0324	0.58456	0.67676	14.31025	71	3.62	77	0.0	0	0.0	0	0.0	0	0.0	0
1	1	0	122	60	163.79942	48.77816610000082	48.77057749999949	0.0049955	0.0075886	0	-0.117568	-0.01133	0.22743	0.64429	15.22503	71	3.65	77	-0.121264	-0.02517	0.58457	0.67674	14.29425	71	3.63	77	0.0	0	0.0	0	0.0	0	0.0	0
1	1	0	123	60	163.8158	48.79311310000048	48.786942000002455	0.0049403	0.0061711	0	-0.117568	-0.01133	0.22741	0.64468	15.24589	71	3.71	77	-0.119792	-0.03406	0.58463	0.67668	14.19486	71	3.62	77	0.0	0	0.0	0	0.0	0	0.0	0
1	1	0	128	60	163.8324	48.808065900000656	48.80354620000071	0.0049897	0.0045197	0	-0.126784	-0.00796	0.22736	0.64488	15.26486	71	3.65	77	-0.191872	-0.03177	0.58468	0.67695	13.9782	71	3.56	77	0.0	0	0.0	0	0.0	0	0.0	0
1	1	0	129	60	163.84869	48.823035600002186	48.819825200003834	0.0050075	0.0032104	0	-0.151264	0.01038	0.22722	0.64459	15.21968	71	3.69	77	-0.135344	-0.03156	0.58457	0.6767	14.17771	71	3.59	77	0.0	0	0.0	0	0.0	0	0.0	0
1	1	0	130	60	163.86502	48.84296449999965	48.83616679999977	0.0049897	0.0067977	0	-0.151216	0.01021	0.22717	0.64465	15.05706	71	3.67	77	-0.13696	-0.0228	0.58452	0.67699	14.42321	71	3.58	77	0.0	0	0.0	0	0.0	0	0.0	0
1	1	0	131	60	163.88145	48.857943400002114	48.85259320000114	0.0050102	0.0053502	0	-0.108992	-0.06552	0.22741	0.64501	14.68759	71	3.57	77	-0.163824	0.01749	0.5848	0.67787	14.46336	71	3.56	77	0.0	0	0.0	0	0.0	0	0.0	0
1	1	0	132	60	163.89798	48.872884800002794	48.869127100002515	0.0049845	0.0037577	0	-0.071024	0.04226	0.22785	0.64625	14.61273	71	3.61	77	-0.154416	-0.00374	0.58501	0.67862	14.51926	71	3.63	77	0.0	0	0.0	0	0.0	0	0.0	0
1	1	0	133	60	163.91432	48.88788449999993	48.88544779999938	0.0050123	0.0024367	0	-0.073312	0.05162	0.22792	0.64585	14.27667	71	3.59	77	-0.154416	-0.00374	0.5848	0.67924	14.40492	71	3.66	77	0.0	0	0.0	0	0.0	0	0.0	0
1	1	0	134	60	163.9308	48.90879219999988	48.901948800001264	0.0049746	0.0068434	0	-0.122272	0.00804	0.22782	0.64678	14.91437	71	3.52	77	-0.106704	-0.0423	0.58463	0.67935	14.12978	71	3.54	77	0.0	0	0.0	0	0.0	0	0.0	0
1	1	0	135	60	163.94731	48.92375870000251	48.9184430000023	0.0050168	0.0053157	0	-0.121136	-0.01375	0.2279	0.64676	14.74131	71	3.54	77	-0.147888	0.00767	0.58485	0.68012	14.56982	71	3.57	77	0.0	0	0.0	0	0.0	0	0.0	0
1	1	0	136	60	163.96358	48.93868680000014	48.93472269999984	0.0049356	0.0039641	0	-0.121712	-0.01202	0.22775	0.64714	14.37673	71	3.59	77	-0.14824	0.00952	0.58488	0.67948	13.73311	71	3.64	77	0.0	0	0.0	0	0.0	0	0.0	0
1	1	0	137	60	163.98006	48.953723300001	48.95119870000053	0.00476	0.0025246	0	-0.084336	-0.0565	0.22793	0.64692	14.43381	71	3.54	77	-0.141552	-0.01098	0.58485	0.67948	13.78373	71	3.6	77	0.0	0	0.0	0	0.0	0	0.0	0
1	1	0	138	60	163.99658	48.97359570000117	48.96772989999954	0.004886	0.0058658	0	-0.124816	-8.7E-4	0.22752	0.64729	14.57328	71	3.63	77	-0.148	0.01252	0.58478	0.67946	13.77851	71	3.61	77	0.0	0	0.0	0	0.0	0	0.0	0
1	1	0	139	60	164.01305	48.98860280000008	48.98419760000252	0.0050048	0.0044052	0	-0.124816	-8.7E-4	0.22756	0.64652	13.72653	71	3.46	77	-0.148	0.01252	0.58489	0.67977	13.91202	71	3.61	77	0.0	0	0.0	0	0.0	0	0.0	0
1	1	0	140	60	164.02928	49.00852510000186	49.000435100002505	0.0048572	0.00809	0	-0.44384	-0.03581	0.21923	0.64695	15.68182	71	3.79	77	-0.45552	-0.06614	0.57583	0.67943	14.21556	71	3.64	77	0.0	0	0.0	0	0.0	0	0.0	0
1	1	0	141	60	164.04576	49.02351270000145	49.016899200003536	0.0049889	0.0066135	0	-0.415792	-0.00102	0.21943	0.64689	15.77699	71	3.81	77	-0.423392	-0.01422	0.57606	0.67976	14.59985	71	3.56	77	0.0	0	0.0	0	0.0	0	0.0	0
1	1	0	142	60	164.06218	49.038424600003054	49.033334400002786	0.004968	0.0050902	0	-0.40232	-0.02026	0.21928	0.64646	15.35673	71	3.79	77	-0.417616	-0.02494	0.57581	0.67967	14.59853	71	3.65	77	0.0	0	0.0	0	0.0	0	0.0	0
1	1	0	143	60	164.07866	49.05845100000079	49.04977839999992	0.0050787	0.0086726	0	-0.389616	-0.0719	0.21934	0.6465	15.64506	71	3.7	77	-0.435968	-0.06539	0.57615	0.67954	14.8268	71	3.55	77	0.0	0	0.0	0	0.0	0	0.0	0
1	1	0	144	60	164.09515	49.07334830000036	49.06629529999918	0.0049741	0.007053	0	-0.408368	-0.09694	0.21932	0.64623	15.62149	71	3.75	77	-0.448288	-0.06072	0.57611	0.67938	14.82615	71	3.63	77	0.0	0	0.0	0	0.0	0	0.0	0
1	1	0	145	60	164.11165	49.08834470000147	49.082785700000386	0.0050037	0.005559	0	-0.414656	-0.08904	0.21939	0.64621	15.49066	71	3.72	77	-0.459984	-0.04148	0.57615	0.67946	15.01566	71	3.62	77	0.0	0	0.0	0	0.0	0	0.0	0
1	1	0	146	60	164.12804	49.10326999999961	49.099179099997855	0.0049802	0.0040909	0	-0.411408	-0.09008	0.21942	0.64621	15.58213	71	3.71	77	-0.43936	-0.01794	0.57654	0.67937	14.82476	71	3.6	77	0.0	0	0.0	0	0.0	0	0.0	0
1	1	0	147	60	164.14433	49.11821740000232	49.11548160000166	0.0047082	0.0027358	0	-0.455472	-0.09083	0.21944	0.64616	15.61427	71	3.72	77	-0.522576	0.02093	0.57659	0.67921	15.09026	71	3.69	77	0.0	0	0.0	0	0.0	0	0.0	0
1	1	0	148	60	164.16083	49.13819910000166	49.13197230000151	0.0049867	0.0062268	0	-0.469408	-0.07455	0.21949	0.64614	15.66502	71	3.74	77	-0.528128	0.02972	0.57671	0.67938	15.23288	71	3.7	77	0.0	0	0.0	0	0.0	0	0.0	0
1	1	0	149	60	164.17722	49.15811550000217	49.14835330000278	0.0049738	0.0097622	0	-0.487136	0.00886	0.21943	0.64617	15.73177	71	3.72	77	-0.511536	-0.03373	0.57675	0.67976	14.7118	71	3.6	77	0.0	0	0.0	0	0.0	0	0.0	0
1	1	0	150	60	164.19366	49.17310930000167	49.1648110999995	0.0050028	0.0082982	0	-0.465712	-0.0191	0.21943	0.6462	15.68979	71	3.73	77	-0.48216	0.05988	0.57685	0.67946	14.60067	71	3.68	77	0.0	0	0.0	0	0.0	0	0.0	0
1	1	0	155	60	164.21007	49.18812720000278	49.181199900005595	0.00505	0.0069273	0	-0.457968	-0.02899	0.21952	0.64634	15.7452	71	3.77	77	-0.47568	0.04823	0.57698	0.6796	14.42386	71	3.82	77	0.0	0	0.0	0	0.0	0	0.0	0
1	1	0	156	60	164.22653	49.20318200000111	49.19767539999884	0.0051457	0.0055066	0	-0.407632	0.02928	0.21926	0.64648	15.54859	71	3.73	77	-0.512352	0.0093	0.57652	0.67977	14.5588	71	3.78	77	0.0	0	0.0	0	0.0	0	0.0	0
1	1	0	157	60	164.24283	49.21795650000058	49.213970799999515	0.0049776	0.0039857	0	-0.499088	-0.03498	0.2188	0.64663	15.34	71	3.9	77	-0.475552	-0.07181	0.57635	0.67963	14.43707	71	3.68	77	0.0	0	0.0	0	0.0	0	0.0	0
1	1	0	158	60	164.25937	49.23790210000152	49.230520199998864	0.0049845	0.0073819	0	-0.499088	-0.03498	0.21851	0.64619	15.56514	71	3.78	77	-0.475552	-0.07181	0.57555	0.67926	14.61539	71	3.52	77	0.0	0	0.0	0	0.0	0	0.0	0
1	1	0	159	60	164.2757	49.25311739999961	49.246836899998016	0.005232	0.0062805	0	-0.583728	0.08373	0.21538	0.64233	15.59847	71	4.09	77	-0.630944	0.14497	0.57149	0.67479	14.91971	71	4.02	77	0.0	0	0.0	0	0.0	0	0.0	0
1	1	0	160	60	164.29239	49.267825099999754	49.26353670000026	0.0049398	0.0042884	0	-0.60336	0.06158	0.21488	0.64205	16.00029	71	4.05	77	-0.67096	0.1615	0.57104	0.67522	15.12701	71	3.95	77	0.0	0	0.0	0	0.0	0	0.0	0
1	1	0	161	60	164.30865	49.28280110000196	49.27980440000101	0.004995	0.0029967	0	-0.60336	0.06158	0.21489	0.64206	16.04257	71	4.03	77	-0.67096	0.1615	0.57066	0.67477	15.28727	71	3.76	77	0.0	0	0.0	0	0.0	0	0.0	0
1	1	0	162	60	164.32559	49.302798300002905	49.29673690000345	0.0050308	0.0060614	0	-0.689552	0.10272	0.21428	0.64304	15.97983	71	4.06	77	-0.635104	0.1363	0.57055	0.67525	15.03649	71	3.91	77	0.0	0	0.0	0	0.0	0	0.0	0
1	1	0	163	60	164.34164	49.317714000000706	49.31278530000054	0.0049836	0.0049287	0	-0.626064	0.15497	0.21385	0.64314	16.30231	71	4.06	77	-0.658256	0.13888	0.57054	0.67583	15.445	71	3.95	77	0.0	0	0.0	0	0.0	0	0.0	0
1	1	0	164	60	164.358	49.33769709999979	49.329142099999444	0.005035	0.008555	0	-0.626064	0.15497	0.21391	0.64311	16.2341	71	4.11	77	-0.658256	0.13888	0.57055	0.67543	15.50087	71	4.01	77	0.0	0	0.0	0	0.0	0	0.0	0
1	1	0	165	60	164.37428	49.35258740000063	49.34543399999893	0.0049777	0.0071534	0	-0.668032	0.09793	0.21325	0.64294	16.15753	71	4.08	77	-0.68568	0.17535	0.57012	0.6745	15.2943	71	3.83	77	0.0	0	0.0	0	0.0	0	0.0	0
1	1	0	166	60	164.39073	49.36754310000106	49.361877999999706	0.0049185	0.0056651	0	-0.691904	0.08891	0.213	0.64264	16.1706	71	4.15	77	-0.63664	0.17245	0.56978	0.67465	15.74788	71	3.84	77	0.0	0	0.0	0	0.0	0	0.0	0
1	1	0	167	60	164.40717	49.382516400000895	49.37830690000192	0.0049856	0.0042095	0	-0.691904	0.08891	0.21297	0.64266	16.13617	71	4.14	77	-0.63664	0.17245	0.56987	0.6747	15.60364	71	3.95	77	0.0	0	0.0	0	0.0	0	0.0	0
1	1	0	168	60	164.42365	49.402455200000986	49.39479629999914	0.0049831	0.0076589	0	-0.592016	0.14458	0.21233	0.64334	16.60629	71	4.15	77	-0.635248	0.137	0.56912	0.67488	15.70494	71	3.8	77	0.0	0	0.0	0	0.0	0	0.0	0
1	1	0	169	60	164.43997	49.41741350000302	49.4111200000043	0.0049973	0.0062935	0	-0.692848	0.19151	0.21156	0.64143	16.64021	71	4.08	77	-0.70512	0.22295	0.56871	0.67356	16.12281	71	4.01	77	0.0	0	0.0	0	0.0	0	0.0	0
1	1	0	174	60	164.45656	49.43237870000303	49.42770190000374	0.0049685	0.0046768	0	-0.684208	0.18113	0.21076	0.63973	14.93389	71	4.02	77	-0.697504	0.21153	0.5682	0.67238	15.58642	71	4.03	77	0.0	0	0.0	0	0.0	0	0.0	0
1	1	0	175	60	164.47292	49.45251930000086	49.44405840000036	0.0051761	0.0084609	0	-0.675616	0.41362	0.21298	0.63306	15.46467	71	4.34	77	-0.658288	0.47372	0.56804	0.66499	15.21526	71	4.62	77	0.0	0	0.0	0	0.0	0	0.0	0
1	1	0	176	60	164.48936	49.46241250000094	49.460507699997834	0.0050681	0.0019048	0	-0.719536	0.41806	0.21232	0.63316	16.20331	71	4.5	77	-0.671024	0.42156	0.56804	0.66536	15.73599	71	4.41	77	0.0	0	0.0	0	0.0	0	0.0	0
1	1	0	177	60	164.50566	49.48225640000237	49.47680940000282	0.0049681	0.005447	0	-0.71048	0.40476	0.21164	0.63142	14.9394	71	4.0	77	-0.656016	0.39296	0.56803	0.66478	15.65689	71	4.54	77	0.0	0	0.0	0	0.0	0	0.0	0
1	1	0	178	60	164.52219	49.50219389999984	49.49333819999811	0.0049402	0.0088557	0	-0.627504	0.41035	0.21118	0.63187	14.77157	71	4.04	77	-0.679488	0.47271	0.56861	0.6653	15.3363	71	4.51	77	0.0	0	0.0	0	0.0	0	0.0	0
1	1	0	179	60	164.53862	49.51713510000263	49.50977100000091	0.0049707	0.0073641	0	-0.604912	0.41368	0.21122	0.63181	14.77769	71	4.07	77	-0.651744	0.45761	0.56843	0.6652	15.35422	71	4.44	77	0.0	0	0.0	0	0.0	0	0.0	0
1	1	0	180	60	164.55505	49.527151300000696	49.526187800001935	0.0049948	9.635E-4	0	-0.589808	0.38812	0.21121	0.63185	14.87114	71	4.05	77	-0.637712	0.42924	0.56843	0.66518	15.38058	71	4.44	77	0.0	0	0.0	0	0.0	0	0.0	0
1	1	0	181	60	164.57152	49.54706250000163	49.54267230000187	0.004977	0.0043902	0	-0.598656	0.34968	0.21102	0.63187	14.95537	71	4.02	77	-0.649008	0.42732	0.56843	0.66518	15.38058	71	4.43	77	0.0	0	0.0	0	0.0	0	0.0	0
1	1	0	186	60	164.58797	49.56705320000037	49.55912259999968	0.0049974	0.0079306	0	-0.591504	0.34717	0.21094	0.63177	15.11042	71	4.01	77	-0.630928	0.40305	0.56849	0.66524	15.37312	71	4.5	77	0.0	0	0.0	0	0.0	0	0.0	0
1	1	0	187	60	164.60429	49.58197210000071	49.57543599999917	0.0049667	0.0065361	0	-0.591504	0.34717	0.21088	0.63186	15.04763	71	4.06	77	-0.630928	0.40305	0.56865	0.66528	15.71259	71	4.47	77	0.0	0	0.0	0	0.0	0	0.0	0
1	1	0	188	60	164.62083	49.59693100000004	49.59197090000089	0.0049642	0.0049601	0	-0.592848	0.38406	0.21097	0.6318	15.06274	71	4.01	77	-0.67696	0.41946	0.56848	0.6652	15.60499	71	4.45	77	0.0	0	0.0	0	0.0	0	0.0	0
1	1	0	189	60	164.63722	49.6118905000003	49.60836410000047	0.0049497	0.0035264	0	-0.606848	0.38061	0.211	0.63159	15.06783	71	4.13	77	-0.692672	0.39488	0.56858	0.66553	15.57739	71	4.51	77	0.0	0	0.0	0	0.0	0	0.0	0
1	1	0	190	60	164.65355	49.631828500001575	49.62468870000157	0.0049458	0.0071398	0	-0.613904	0.39218	0.21115	0.63151	15.14287	71	4.12	77	-0.699536	0.40729	0.56812	0.66292	14.86198	71	3.92	77	0.0	0	0.0	0	0.0	0	0.0	0
1	1	0	191	60	164.67012	49.64678490000006	49.641273099998216	0.0049773	0.0055118	0	-0.194224	0.32964	0.22334	0.63196	17.48979	71	4.19	77	-0.162672	0.38772	0.58154	0.66466	16.37807	71	4.32	77	0.0	0	0.0	0	0.0	0	0.0	0
1	1	0	192	60	164.68665	49.66176990000167	49.65778470000441	0.0049165	0.0039852	0	0.059056	0.26462	0.22986	0.63461	17.77595	71	4.59	77	-0.033152	0.35329	0.58638	0.6654	16.12265	71	4.36	77	0.0	0	0.0	0	0.0	0	0.0	0
1	1	0	193	60	164.7029	49.68171900000016	49.67404990000068	0.004988	0.0076691	0	0.05816	0.27728	0.22989	0.63382	18.0695	71	4.4	77	-0.033216	0.35539	0.58654	0.66595	16.34976	71	4.18	77	0.0	0	0.0	0	0.0	0	0.0	0
1	1	0	194	60	164.71956	49.69670390000101	49.69070700000157	0.00498	0.0059969	0	0.110064	0.24037	0.23016	0.63404	17.74913	71	4.37	77	0.022032	0.33556	0.58705	0.66609	16.39377	71	4.22	77	0.0	0	0.0	0	0.0	0	0.0	0
1	1	0	195	60	164.73595	49.716623700001946	49.70709110000462	0.0049582	0.0095326	0	0.105952	0.25805	0.23012	0.63375	17.74716	71	4.34	77	0.030656	0.35471	0.58711	0.66624	16.58613	71	4.14	77	0.0	0	0.0	0	0.0	0	0.0	0
1	1	0	196	60	164.7524	49.73167310000281	49.72353660000226	0.0050294	0.0081365	0	0.105904	0.25992	0.23022	0.63402	17.97944	71	4.41	77	0.031168	0.38265	0.58711	0.66624	16.58613	71	4.14	77	0.0	0	0.0	0	0.0	0	0.0	0
1	1	0	197	60	164.76866	49.74656160000086	49.73981690000073	0.0050174	0.0067447	0	0.082256	0.27324	0.23013	0.63408	17.86364	71	4.36	77	0.031648	0.4085	0.58714	0.66623	16.54097	71	4.15	77	0.0	0	0.0	0	0.0	0	0.0	0
1	1	0	198	60	164.78523	49.761504900001455	49.75637660000211	0.0049604	0.0051283	0	0.09336	0.27178	0.23042	0.6345	18.32509	71	4.38	77	0.040304	0.41824	0.58715	0.66627	16.63264	71	4.12	77	0.0	0	0.0	0	0.0	0	0.0	0
1	1	0	199	60	164.80162	49.776447300002474	49.77277120000144	0.0049679	0.0036761	0	0.092448	0.29442	0.2305	0.63458	18.43521	71	4.35	77	0.040592	0.42983	0.58723	0.66636	16.47325	71	4.1	77	0.0	0	0.0	0	0.0	0	0.0	0
1	1	0	200	60	164.81808	49.79642370000147	49.789227900004335	0.0049918	0.0071958	0	0.344848	0.37039	0.23716	0.63392	18.06307	71	4.41	77	0.331696	0.39997	0.59529	0.66573	15.57263	71	4.13	77	0.0	0	0.0	0	0.0	0	0.0	0
1	1	0	201	60	164.83432	49.811408200002916	49.80545950000305	0.0048915	0.0059487	0	0.557328	0.37406	0.24266	0.63509	18.17773	71	4.6	77	0.513936	0.40923	0.60022	0.66846	15.74666	71	4.51	77	0.0	0	0.0	0	0.0	0	0.0	0
1	1	0	202	60	164.85089	49.826350499999535	49.822043300002406	0.0049706	0.0043072	0	0.552832	0.36053	0.24315	0.6351	18.43301	71	4.55	77	0.508304	0.39544	0.60048	0.6682	16.01588	71	4.37	77	0.0	0	0.0	0	0.0	0	0.0	0
1	1	0	203	60	164.86732	49.84134020000056	49.838467300003686	0.0046659	0.0028729	0	0.61048	0.37953	0.24483	0.63617	18.35053	71	4.46	77	0.521168	0.3582	0.60147	0.66864	15.9851	71	4.38	77	0.0	0	0.0	0	0.0	0	0.0	0
1	1	0	204	60	164.88373	49.86125689999972	49.85486899999887	0.0049368	0.0063879	0	0.552304	0.37422	0.24502	0.63625	18.3545	71	4.51	77	0.523904	0.34231	0.60159	0.66864	16.21142	71	4.41	77	0.0	0	0.0	0	0.0	0	0.0	0
1	1	0	205	60	164.90013	49.87623870000243	49.87127530000362	0.0048614	0.0049634	0	0.552304	0.37422	0.24501	0.63621	18.26822	71	4.5	77	0.523904	0.34231	0.60156	0.6685	16.19268	71	4.37	77	0.0	0	0.0	0	0.0	0	0.0	0
1	1	0	206	60	164.91658	49.89619830000083	49.887727299999824	0.0050221	0.008471	0	0.599056	0.4015	0.24531	0.63595	18.41143	71	4.51	77	0.569152	0.41178	0.60273	0.66844	15.93355	71	4.54	77	0.0	0	0.0	0	0.0	0	0.0	0
1	1	0	207	60	164.93301	49.906319699999585	49.9041427000011	0.0051494	0.002177	0	0.601488	0.38549	0.24546	0.63597	18.51153	71	4.54	77	0.475712	0.40911	0.60285	0.66836	16.46365	71	4.37	77	0.0	0	0.0	0	0.0	0	0.0	0
1	1	0	212	60	164.94946	49.92609850000008	49.920607299998665	0.0049486	0.0054912	0	0.601488	0.38549	0.24554	0.6359	18.4662	71	4.56	77	0.475712	0.40911	0.60284	0.66831	16.43669	71	4.36	77	0.0	0	0.0	0	0.0	0	0.0	0
1	1	0	213	60	164.96584	49.94109810000009	49.93696199999977	0.0049322	0.0041361	0	0.577536	0.38252	0.24608	0.63567	18.67493	71	4.6	77	0.52256	0.33538	0.60309	0.66861	16.247	71	4.47	77	0.0	0	0.0	0	0.0	0	0.0	0
1	1	0	214	60	164.98232	49.96102249999967	49.95346129999962	0.0050191	0.0075612	0	0.609488	0.40667	0.24624	0.63594	18.83147	71	4.63	77	0.546848	0.41187	0.60369	0.66857	17.00177	71	4.46	77	0.0	0	0.0	0	0.0	0	0.0	0
1	1	0	215	60	164.99872	49.975946000002295	49.96984120000343	0.0049615	0.0061048	0	0.609488	0.40667	0.24622	0.63597	18.82938	71	4.64	77	0.546848	0.41187	0.60362	0.66847	17.01594	71	4.45	77	0.0	0	0.0	0	0.0	0	0.0	0
1	1	0	216	60	165.01518	49.99091000000044	49.986323100001755	0.0050219	0.0045869	0	0.608928	0.35801	0.24677	0.63545	18.97742	71	4.57	77	0.51536	0.34045	0.60428	0.66842	16.64806	71	4.47	77	0.0	0	0.0	0	0.0	0	0.0	0
1	1	0	217	60	165.03162	50.01087480000206	50.00275530000363	0.0049447	0.0081195	0	0.567344	0.34738	0.24734	0.63505	19.28228	71	4.67	77	0.518864	0.34317	0.60464	0.66853	17.3042	71	4.51	77	0.0	0	0.0	0	0.0	0	0.0	0
1	1	0	218	60	165.04805	50.02583520000189	50.019201500002964	0.0049627	0.0066337	0	0.567344	0.34738	0.24724	0.63557	19.20542	71	4.59	77	0.52464	0.35634	0.60467	0.66878	17.16867	71	4.56	77	0.0	0	0.0	0	0.0	0	0.0	0
1	1	0	219	60	165.06444	50.04078710000249	50.035590300001786	0.0050104	0.0051968	0	0.608464	0.22944	0.24892	0.63962	19.59812	71	4.64	77	0.570272	0.2559	0.60573	0.67233	17.37958	71	4.28	77	0.0	0	0.0	0	0.0	0	0.0	0
1	1	0	220	60	165.08078	50.055763899999874	50.05192090000128	0.0050008	0.003843	0	0.605856	0.26164	0.24881	0.63957	19.89893	71	4.8	77	0.554304	0.28757	0.60625	0.67287	17.31267	71	4.49	77	0.0	0	0.0	0	0.0	0	0.0	0
1	1	0	221	60	165.09727	50.07567950000157	50.068409400002565	0.0050002	0.0072701	0	0.605952	0.26187	0.24899	0.63886	19.25272	71	4.74	77	0.548416	0.27573	0.60631	0.67232	17.54601	71	4.28	77	0.0	0	0.0	0	0.0	0	0.0	0
1	1	0	222	60	165.11374	50.090684599999804	50.084893100000045	0.0050104	0.0057915	0	0.594	0.22582	0.24887	0.63924	18.95778	71	4.79	77	0.54696	0.20827	0.60657	0.67279	17.84855	71	4.2	77	0.0	0	0.0	0	0.0	0	0.0	0
1	1	0	223	60	165.13007	50.105612200000905	50.10120370000004	0.0050205	0.0044085	0	0.586832	0.20984	0.24875	0.63944	19.50148	71	4.77	77	0.548992	0.19114	0.60644	0.67266	18.08868	71	4.25	77	0.0	0	0.0	0	0.0	0	0.0	0
1	1	0	224	60	165.1467	50.12151900000026	50.11783889999788	0.0059409	0.0036801	0	0.58176	0.19785	0.24875	0.63944	19.50148	71	4.77	77	0.542656	0.1795	0.60644	0.67266	18.08868	71	4.25	77	0.0	0	0.0	0	0.0	0	0.0	0
1	1	0	225	60	165.16295	50.14150900000095	50.13408979999804	0.0049895	0.0074192	0	0.57936	0.19121	0.24841	0.63923	19.14559	71	4.78	77	0.511824	0.21358	0.60616	0.6727	17.73271	71	4.26	77	0.0	0	0.0	0	0.0	0	0.0	0
1	1	0	226	60	165.17937	50.156484300001466	50.15051560000211	0.0050019	0.0059687	0	0.560288	0.18228	0.24734	0.63983	19.52868	71	4.8	77	0.546096	0.1815	0.60521	0.6727	17.67256	71	4.22	77	0.0	0	0.0	0	0.0	0	0.0	0
1	1	0	227	60	165.19589	50.1714916000019	50.16703700000289	0.0050689	0.0044546	0	0.564976	0.19371	0.24711	0.64037	19.47726	71	4.76	77	0.552208	0.19267	0.60488	0.67354	17.93346	71	4.21	77	0.0	0	0.0	0	0.0	0	0.0	0
1	1	0	228	60	165.21227	50.186385700002575	50.183420000004844	0.0050016	0.0029656999	0	0.034672	-0.00948	0.23299	0.64703	18.23525	71	4.64	77	0.01792	-0.00721	0.58948	0.67978	17.23249	71	4.46	77	0.0	0	0.0	0	0.0	0	0.0	0
1	1	0	229	60	165.22874	50.20646230000057	50.19988280000325	0.0050752	0.0065795	0	-0.119408	-0.02824	0.22815	0.64905	17.95695	71	4.57	77	-0.129552	-0.05175	0.58446	0.68167	17.61712	71	4.44	77	0.0	0	0.0	0	0.0	0	0.0	0
1	1	0	230	60	165.24516	50.221440900000744	50.21631880000132	0.005121	0.0051221	0	-0.11656	-0.0368	0.22823	0.64923	18.59912	71	4.53	77	-0.129568	-0.05158	0.58446	0.68182	17.99546	71	4.55	77	0.0	0	0.0	0	0.0	0	0.0	0
1	1	0	231	60	165.26161	50.24134920000142	50.23274110000057	0.0050838	0.0086081	0	-0.18136	-0.05258	0.22519	0.6492	17.94695	71	4.62	77	-0.17536	-0.03982	0.58234	0.68136	17.10823	71	4.44	77	0.0	0	0.0	0	0.0	0	0.0	0
1	1	0	232	60	165.27805	50.25619949999964	50.24917859999914	0.0049861	0.0070209	0	-0.193024	-0.04641	0.22507	0.64922	18.02052	71	4.64	77	-0.187232	-0.05949	0.5819	0.68142	17.29493	71	4.55	77	0.0	0	0.0	0	0.0	0	0.0	0
1	1	0	233	60	165.29437	50.27120280000236	50.26551540000219	0.0050163	0.0056874	0	-0.193088	-0.04625	0.22505	0.64915	17.96815	71	4.62	77	-0.187264	-0.05933	0.5819	0.68142	17.29493	71	4.55	77	0.0	0	0.0	0	0.0	0	0.0	0
1	1	0	234	60	165.31084	50.28610359999948	50.281992600001104	0.0049684998	0.004111	0	-0.14304	-0.05217	0.22444	0.64921	17.67295	71	4.56	77	-0.220496	-0.0705	0.58185	0.68147	17.48877	71	4.48	77	0.0	0	0.0	0	0.0	0	0.0	0
1	1	0	239	60	165.3273	50.301102000001265	50.298449800004164	0.0049874	0.0026522	0	-0.148928	-0.06782	0.22426	0.64951	17.69289	71	4.55	77	-0.190544	-0.06671	0.58199	0.68195	17.29869	71	4.45	77	0.0	0	0.0	0	0.0	0	0.0	0
1	1	0	240	60	165.34372	50.321026300000085	50.314863499999774	0.0049704	0.0061628	0	-0.152112	-0.05974	0.22429	0.64955	17.79552	71	4.54	77	-0.192784	-0.05836	0.58199	0.68195	17.29869	71	4.45	77	0.0	0	0.0	0	0.0	0	0.0	0
1	1	0	241	60	165.36014	50.33596890000263	50.33129060000283	0.0050023	0.0046783	0	-0.141376	-0.07043	0.22444	0.64988	17.3978	71	4.48	77	-0.229024	0.00127	0.58227	0.68239	16.8858	71	4.38	77	0.0	0	0.0	0	0.0	0	0.0	0
1	1	0	242	60	165.37659	50.35096080000221	50.34773349999887	0.0050162	0.0032273	0	-0.146704	-0.07008	0.22447	0.64971	17.50266	71	4.45	77	-0.236928	-3.0E-4	0.58222	0.68239	16.96091	71	4.4	77	0.0	0	0.0	0	0.0	0	0.0	0
1	1	0	243	60	165.39299	50.36589020000247	50.36414290000175	0.0049294	0.0017473	0	-0.146704	-0.07008	0.22444	0.64987	17.5753	71	4.45	77	-0.236928	-3.0E-4	0.5823	0.68226	16.824	71	4.38	77	0.0	0	0.0	0	0.0	0	0.0	0
1	1	0	244	60	165.40947	50.38583680000011	50.38061639999796	0.0049878	0.0052204	0	-0.230224	-0.05415	0.22493	0.64994	16.99345	71	4.42	77	-0.179664	-0.00423	0.58319	0.68264	16.85022	71	4.34	77	0.0	0	0.0	0	0.0	0	0.0	0
1	1	0	245	60	165.42581	50.40085580000232	50.39696210000329	0.0050468	0.0038937	0	-0.162032	-0.09086	0.22553	0.64993	16.99304	71	4.38	77	-0.23592	-0.05626	0.58356	0.68285	16.84262	71	4.25	77	0.0	0	0.0	0	0.0	0	0.0	0
1	1	0	246	60	165.44226	50.42074430000139	50.41340090000085	0.0049649	0.0073434	0	-0.162032	-0.09086	0.22562	0.65009	17.26734	71	4.34	77	-0.23592	-0.05626	0.5838	0.68291	17.00109	71	4.24	77	0.0	0	0.0	0	0.0	0	0.0	0
1	1	0	247	60	165.45866	50.43570750000072	50.4298125000023	0.005	0.005895	0	-0.043824	-0.05006	0.22794	0.6498	16.4202	71	4.28	77	-0.14584	-0.06134	0.58621	0.68285	16.70315	71	4.26	77	0.0	0	0.0	0	0.0	0	0.0	0
1	1	0	248	60	165.47504	50.450663700001314	50.44618620000256	0.00496	0.0044775	0	-0.094016	-0.06954	0.2285	0.65	17.07965	71	4.27	77	-0.180112	-0.06038	0.58646	0.68327	16.91832	71	4.18	77	0.0	0	0.0	0	0.0	0	0.0	0
1	1	0	249	60	165.49159	50.465639800000645	50.46272939999835	0.0049925	0.0029104	0	-0.096512	-0.06175	0.22843	0.64999	16.73528	71	4.29	77	-0.18216	-0.05225	0.58633	0.68294	16.56251	71	4.19	77	0.0	0	0.0	0	0.0	0	0.0	0
1	1	0	250	60	165.50806	50.485564700000396	50.47920000000158	0.0049474	0.0063647	0	-0.159584	-0.06338	0.22854	0.64983	16.66722	71	4.2	77	-0.17672	-0.02674	0.5866	0.68257	16.32308	71	4.16	77	0.0	0	0.0	0	0.0	0	0.0	0
1	1	0	251	60	165.52434	50.500556300001335	50.49549280000065	0.0049874	0.0050635	0	-0.116704	-0.0694	0.22876	0.64995	16.72125	71	4.21	77	-0.17672	-0.02674	0.5867	0.68261	16.26812	71	4.13	77	0.0	0	0.0	0	0.0	0	0.0	0
1	1	0	252	60	165.54089	50.51552410000295	50.51204190000135	0.0049983	0.0034822	0	-0.116704	-0.0694	0.22871	0.64988	16.63899	71	4.21	77	-0.174704	-0.03532	0.58668	0.68291	16.61806	71	4.12	77	0.0	0	0.0	0	0.0	0	0.0	0
1	1	0	253	60	165.55716	50.53047839999999	50.52830489999906	0.005012	0.0021735	0	-0.141088	-0.08717	0.22871	0.65027	16.49073	71	4.14	77	-0.166672	0.00916	0.58672	0.68324	16.17201	71	4.06	77	0.0	0	0.0	0	0.0	0	0.0	0
1	1	0	254	60	165.57378	50.550430600000254	50.54492980000214	0.0050194	0.0055008	0	-0.135792	-0.10174	0.22859	0.65031	16.60629	71	4.17	77	-0.166496	-0.00434	0.58672	0.68323	16.16325	71	4.06	77	0.0	0	0.0	0	0.0	0	0.0	0
1	1	0	255	60	165.59009	50.56537229999958	50.561230300001625	0.0049739	0.004142	0	-0.132752	-0.1094	0.2286	0.65028	16.57024	71	4.18	77	-0.164528	-0.01349	0.58665	0.68295	15.95273	71	4.1	77	0.0	0	0.0	0	0.0	0	0.0	0
1	1	0	256	60	165.60672	50.585344400002214	50.577862500002084	0.0050068	0.0074819	0	-0.107344	-0.09054	0.22866	0.65019	16.64855	71	4.21	77	-0.133584	-0.05601	0.58677	0.68231	16.4027	71	4.08	77	0.0	0	0.0	0	0.0	0	0.0	0
1	1	0	257	60	165.62299	50.60033210000256	50.594142900001316	0.0049741	0.0061892	0	-0.103568	-0.1207	0.22872	0.64994	16.84299	71	4.18	77	-0.14592	-0.07	0.58702	0.6825	15.66017	71	4.14	77	0.0	0	0.0	0	0.0	0	0.0	0
1	1	0	258	60	165.6395	50.61526810000214	50.610645400003705	0.0050066	0.0046227	0	-0.106864	-0.11156	0.22867	0.64991	16.756	71	4.2	77	-0.148048	-0.05984	0.58679	0.68269	16.90258	71	4.04	77	0.0	0	0.0	0	0.0	0	0.0	0
1	1	0	259	60	165.65582	50.63018310000189	50.62696499999947	0.0049994	0.0032181	0	-0.097904	-0.05203	0.22907	0.64973	16.40545	71	4.1	77	-0.134208	-0.02841	0.58724	0.68205	15.33667	71	4.07	77	0.0	0	0.0	0	0.0	0	0.0	0
1	1	0	260	60	165.67256	50.65012000000206	50.64369810000426	0.0049671	0.0064219	0	-0.076256	-0.02758	0.22918	0.64966	16.34289	71	4.16	77	-0.119696	-0.05386	0.58727	0.68198	15.78306	71	4.06	77	0.0	0	0.0	0	0.0	0	0.0	0
1	1	0	261	60	165.68872	50.66514200000165	50.6598711000006	0.0050298	0.0052709	0	-0.076256	-0.02758	0.22917	0.64967	16.38357	71	4.16	77	-0.121104	-0.04557	0.58722	0.68168	15.50772	71	4.08	77	0.0	0	0.0	0	0.0	0	0.0	0
1	1	0	262	60	165.70514	50.68005489999996	50.67627839999841	0.0049693	0.0037765	0	-0.127744	0.00551	0.22892	0.64946	16.2738	71	4.09	77	-0.138272	-0.06769	0.58709	0.68168	15.57793	71	3.99	77	0.0	0	0.0	0	0.0	0	0.0	0
1	1	0	263	60	165.72159	50.69999649999954	50.69273919999614	0.004986	0.0072573	0	-0.104672	-0.01767	0.22881	0.64854	15.69677	71	4.05	77	-0.173888	-0.01046	0.5868	0.6816	15.79556	71	3.98	77	0.0	0	0.0	0	0.0	0	0.0	0
1	1	0	264	60	165.73801	50.715028900001926	50.7091474000008	0.0050703	0.0058815	0	-0.104144	-0.01937	0.22874	0.64844	15.70811	71	4.04	77	-0.173504	-0.0122	0.58682	0.68156	15.81021	71	3.97	77	0.0	0	0.0	0	0.0	0	0.0	0
1	1	0	265	60	165.75443	50.72993350000252	50.72557200000301	0.0049722	0.0043615	0	-0.083152	-0.00761	0.22833	0.64887	15.60325	71	4.03	77	-0.185168	-0.04096	0.58673	0.68161	15.66128	71	3.98	77	0.0	0	0.0	0	0.0	0	0.0	0
1	1	0	266	60	165.77087	50.744954800000414	50.742014700001164	0.0049096	0.0029401	0	-0.050336	-0.02008	0.22812	0.64897	15.69577	71	4.09	77	-0.160224	-0.0227	0.58621	0.68162	15.89248	71	4.0	77	0.0	0	0.0	0	0.0	0	0.0	0
1	1	0	267	60	165.78723	50.76482179999948	50.75838129999829	0.0049171	0.0064405	0	-0.050336	-0.02008	0.22822	0.6486	15.65685	71	4.02	77	-0.158368	-0.03133	0.58617	0.68139	15.75701	71	4.05	77	0.0	0	0.0	0	0.0	0	0.0	0
1	1	0	268	60	165.80368	50.779793900001096	50.77482360000067	0.0049349	0.0049703	0	-0.076848	-0.02326	0.2279	0.64845	15.69331	71	3.96	77	-0.127392	-0.03332	0.58584	0.68153	15.74763	71	3.95	77	0.0	0	0.0	0	0.0	0	0.0	0
1	1	0	269	60	165.82014	50.79474580000169	50.791288400003396	0.0049712	0.0034574	0	-0.056736	-0.05299	0.22693	0.6491	15.81231	71	3.96	77	-0.173456	-0.04215	0.58547	0.68167	15.70566	71	3.99	77	0.0	0	0.0	0	0.0	0	0.0	0
1	1	0	270	60	165.83664	50.81472270000086	50.80778860000282	0.0050026	0.0069341	0	-0.052464	-0.06933	0.22724	0.64888	15.40373	71	3.94	77	-0.16936	-0.0594	0.5855	0.68143	15.57837	71	3.96	77	0.0	0	0.0	0	0.0	0	0.0	0
1	1	0	271	60	165.85303	50.82968830000027	50.824175300000206	0.0049366	0.005513	0	-0.043008	-0.10374	0.22674	0.64927	15.11406	71	3.92	77	-0.087168	-0.07615	0.58487	0.68177	15.38973	71	3.95	77	0.0	0	0.0	0	0.0	0	0.0	0
1	1	0	272	60	165.86954	50.84466109999994	50.84067010000217	0.0049617	0.003991	0	-0.078928	-0.07473	0.22621	0.65035	15.42869	71	3.95	77	-0.122784	-0.10031	0.5844	0.68198	15.44889	71	3.92	77	0.0	0	0.0	0	0.0	0	0.0	0
1	1	0	273	60	165.88582	50.859619400001975	50.85696309999912	0.0049619	0.0026563	0	-0.078928	-0.07473	0.22648	0.64988	15.65639	71	3.81	77	-0.122784	-0.10031	0.5846	0.68199	15.35344	71	3.97	77	0.0	0	0.0	0	0.0	0	0.0	0
1	1	0	274	60	165.90228	50.879586500002915	50.87341870000091	0.00501	0.0061678	0	-0.0436	-0.0992	0.22561	0.6507	15.49368	71	3.88	77	-0.155632	-0.06344	0.58369	0.68201	15.31231	71	3.86	77	0.0	0	0.0	0	0.0	0	0.0	0
1	1	0	275	60	165.9187	50.894488900001306	50.88984379999965	0.0049982	0.0046451	0	-0.061424	-0.05809	0.22526	0.65013	15.95428	71	3.8	77	-0.10272	-0.09751	0.58343	0.68216	15.53397	71	3.93	77	0.0	0	0.0	0	0.0	0	0.0	0
1	1	0	276	60	165.93559	50.91049870000279	50.906726700002764	0.0049423	0.003772	0	-0.063664	-0.04977	0.22532	0.65009	15.79332	71	3.82	77	-0.105264	-0.08123	0.58352	0.68195	15.40812	71	3.93	77	0.0	0	0.0	0	0.0	0	0.0	0
1	1	0	277	60	165.95155	50.92539750000287	50.9226742000028	0.0049619	0.0027233	0	-0.116224	-0.08026	0.22488	0.65033	15.56327	71	3.76	77	-0.125936	-0.07182	0.58321	0.6822	15.16154	71	3.84	77	0.0	0	0.0	0	0.0	0	0.0	0
1	1	0	278	60	165.96791	50.94538350000221	50.93904420000399	0.0049398	0.0063393	0	-0.04264	-0.14713	0.22443	0.65084	13.4084	71	3.74	77	-0.124288	-0.06642	0.58316	0.6822	15.25462	71	3.85	77	0.0	0	0.0	0	0.0	0	0.0	0
1	1	0	280	60	165.98438	50.96134180000081	50.955528700003924	0.0049995	0.0058131	0	-0.04264	-0.14713	0.22443	0.65084	13.4084	71	3.74	77	-0.127552	-0.04818	0.58319	0.68435	13.85238	71	3.75	77	0.0	0	0.0	0	0.0	0	0.0	20
1	1	0	285	60	169.31943	54.30037749999974	54.29057330000069	0.0050234	0.0098042	0	0.182704	0.07884	0.23652	0.64262	20.73032	71	5.07	77	0.120928	0.11163	0.59435	0.6754	18.93033	71	4.8	77	0.0	0	0.0	0	0.0	0	0.0	0
1	1	0	286	60	169.33578	54.31531470000118	54.306932999999844	0.0049588	0.0083817	0	0.182704	0.07884	0.23647	0.64245	20.76777	71	5.05	77	0.120928	0.11163	0.59425	0.67481	18.4307	71	4.79	77	0.0	0	0.0	0	0.0	0	0.0	0
1	1	0	287	60	169.35216	54.33026990000144	54.32330390000061	0.0049721	0.006966	0	0.188272	0.07383	0.23639	0.64267	20.8104	71	5.0	77	0.141904	0.09071	0.59442	0.67512	18.26556	71	4.84	77	0.0	0	0.0	0	0.0	0	0.0	0
1	1	0	288	60	169.36864	54.3453182000012	54.33977960000266	0.0050738	0.0055386	0	0.14904	0.11032	0.23681	0.6426	20.65635	71	5.05	77	0.177104	0.12649	0.59478	0.67511	18.34937	71	4.81	77	0.0	0	0.0	0	0.0	0	0.0	0
1	1	0	293	60	169.38498	54.36018250000052	54.35612949999995	0.0049427	0.004053	0	0.14904	0.11032	0.23683	0.64259	20.81018	71	5.04	77	0.177104	0.12649	0.59487	0.67554	18.86696	71	4.79	77	0.0	0	0.0	0	0.0	0	0.0	0
1	1	0	294	60	169.40138	54.380196400001296	54.3725228000003	0.0049446	0.0076736	0	0.173744	0.14265	0.23658	0.64428	20.76295	71	5.06	77	0.162992	0.14827	0.59469	0.67702	18.87597	71	4.77	77	0.0	0	0.0	0	0.0	0	0.0	0
1	1	0	296	60	169.41789	54.395099800000025	54.38903239999854	0.0043203	0.0060674	0	0.192064	0.17456	0.23647	0.64365	20.8055	71	5.07	77	0.153232	0.1237	0.59481	0.67626	18.9302	71	4.81	77	0.0	0	0.0	0	0.0	0	0.0	0
1	1	0	297	60	169.43428	54.410082300000795	54.40542170000117	0.0050213	0.0046606	0	0.191504	0.16401	0.23651	0.64367	20.81455	71	5.09	77	0.151664	0.11368	0.59464	0.67636	19.17216	71	4.79	77	0.0	0	0.0	0	0.0	0	0.0	0
1	1	0	298	60	169.45073	54.42505480000182	54.421878600001946	0.0050238	0.0031762	0	0.139728	0.11398	0.23677	0.64311	20.7037	71	5.08	77	0.188176	0.13138	0.59463	0.67518	18.34344	71	4.82	77	0.0	0	0.0	0	0.0	0	0.0	0
1	1	0	299	60	169.46727	54.44497390000106	54.43839730000036	0.0048993	0.0065766	0	0.195872	0.12616	0.23717	0.64359	21.21246	71	5.07	77	0.137584	0.11081	0.59533	0.67652	19.2789	71	4.78	77	0.0	0	0.0	0	0.0	0	0.0	0
1	1	0	300	60	169.4837	54.459931600002164	54.454853600003844	0.0050021	0.005078	0	0.195872	0.12616	0.23713	0.64365	21.25324	71	5.08	77	0.137584	0.11081	0.59548	0.67624	18.92584	71	4.79	77	0.0	0	0.0	0	0.0	0	0.0	0
1	1	0	301	60	169.5	54.47504520000075	54.471139300003415	0.0051244	0.0039059	0	0.225296	0.1637	0.23747	0.64336	21.03648	71	5.08	77	0.182128	0.13003	0.59555	0.67605	19.24492	71	4.75	77	0.0	0	0.0	0	0.0	0	0.0	0
1	1	0	302	60	169.51654	54.49485780000032	54.48768040000141	0.0049442	0.0071774	0	0.197664	0.11352	0.23726	0.64421	21.12625	71	5.07	77	0.157488	0.14311	0.5954	0.67663	19.00545	71	4.8	77	0.0	0	0.0	0	0.0	0	0.0	0
1	1	0	303	60	169.53287	54.5099063000016	54.5040057000042	0.0051149	0.0059006	0	0.199072	0.13569	0.23727	0.64417	21.08641	71	5.07	77	0.161088	0.16611	0.59531	0.67636	18.85881	71	4.81	77	0.0	0	0.0	0	0.0	0	0.0	0
1	1	0	304	60	169.54935	54.5247844000005	54.520497099998465	0.0049984	0.0042873	0	0.2004	0.18546	0.2373	0.64377	20.88963	71	5.06	77	0.14344	0.17088	0.59529	0.67583	18.35697	71	4.85	77	0.0	0	0.0	0	0.0	0	0.0	0
1	1	0	305	60	169.56575	54.539777400001185	54.53689609999856	0.00504	0.0028813	0	0.15864	0.17296	0.23669	0.64434	20.86195	71	5.12	77	0.127296	0.17572	0.59425	0.67632	18.51991	71	4.8	77	0.0	0	0.0	0	0.0	0	0.0	0
1	1	0	306	60	169.58218	54.55967000000237	54.55332550000094	0.0049869	0.0063445	0	0.15864	0.17296	0.23669	0.64434	20.86195	71	5.11	77	0.126032	0.16534	0.5945	0.67701	19.12838	71	4.78	77	0.0	0	0.0	0	0.0	0	0.0	0
1	1	0	307	60	169.59859	54.574650100003055	54.56972460000543	0.0049892	0.0049255	0	0.207504	0.15016	0.23719	0.64396	20.82545	71	5.03	77	0.11464	0.10167	0.59488	0.6767	18.88309	71	4.72	77	0.0	0	0.0	0	0.0	0	0.0	0
1	1	0	308	60	169.61504	54.5896109000023	54.586187800003245	0.0047191	0.0034231	0	0.178832	0.11808	0.23696	0.64437	20.72904	71	5.02	77	0.159152	0.12796	0.59465	0.67689	18.94036	71	4.69	77	0.0	0	0.0	0	0.0	0	0.0	0
1	1	0	309	60	169.63145	54.60459470000205	54.602595700001984	0.0050317	0.001999	0	0.177856	0.09567	0.23695	0.64427	20.50656	71	4.99	77	0.155424	0.10492	0.59448	0.67654	18.39451	71	4.69	77	0.0	0	0.0	0	0.0	0	0.0	0
1	1	0	310	60	169.64778	54.62451359999977	54.61892470000021	0.0050112	0.0055889	0	0.191808	0.07003	0.23705	0.64489	19.67606	71	4.91	77	0.108016	0.09884	0.59452	0.67699	17.91611	71	4.56	77	0.0	0	0.0	0	0.0	0	0.0	0
1	1	0	311	60	169.66434	54.639478100001725	54.635480600001756	0.0049864	0.0039975	0	0.155568	0.07945	0.23704	0.64413	19.15466	71	4.9	77	0.146992	0.11238	0.59433	0.67623	17.52348	71	4.55	77	0.0	0	0.0	0	0.0	0	0.0	0
1	1	0	312	60	169.6808	54.65937980000308	54.651956400004565	0.0049868	0.0074234	0	0.155376	0.06954	0.23698	0.64431	19.46507	71	4.85	77	0.147024	0.11258	0.59438	0.67611	17.37794	71	4.55	77	0.0	0	0.0	0	0.0	0	0.0	0
1	1	0	313	60	169.69714	54.67437970000174	54.668286800002534	0.0049771	0.0060929	0	0.076768	0.06265	0.2337	0.6426	17.99214	71	4.63	77	0.025984	0.1486	0.59096	0.67549	17.33362	71	4.37	77	0.0	0	0.0	0	0.0	0	0.0	0
1	1	0	314	60	169.71352	54.68933160000233	54.68465890000152	0.0049916	0.0046727	0	0.118	0.09832	0.23426	0.64086	17.92326	71	4.53	77	0.013136	0.1185	0.59107	0.67393	17.83533	71	4.32	77	0.0	0	0.0	0	0.0	0	0.0	0
1	1	0	315	60	169.73003	54.70428230000107	54.70118280000315	0.0049735	0.0030995	0	0.117776	0.10876	0.23433	0.64041	17.50772	71	4.52	77	0.013136	0.1185	0.59089	0.67348	17.38181	71	4.42	77	0.0	0	0.0	0	0.0	0	0.0	0
1	1	0	316	60	169.74648	54.72527629999968	54.71762939999826	0.0060457	0.0076469	0	0.085584	0.09616	0.23381	0.64086	16.88995	71	4.35	77	0.004464	0.08303	0.59058	0.67372	16.53413	71	4.2	77	0.0	0	0.0	0	0.0	0	0.0	0
1	1	0	317	60	169.76294	54.740241499999684	54.73408380000183	0.0050544	0.0061577	0	0.03648	0.10042	0.23332	0.64045	16.99422	71	4.34	77	6.4E-4	0.15177	0.59009	0.67332	16.72705	71	4.18	77	0.0	0	0.0	0	0.0	0	0.0	0
1	1	0	318	60	169.7793	54.755147300002136	54.75044610000259	0.0049952	0.0047012	0	0.036496	0.10023	0.23317	0.64021	16.9106	71	4.29	77	5.6E-4	0.16265	0.59014	0.67324	16.78909	71	4.12	77	0.0	0	0.0	0	0.0	0	0.0	0
1	1	0	319	60	169.79573	54.77012050000121	54.76687520000269	0.0049754	0.0032453	0	0.020512	0.26438	0.23307	0.63611	17.67053	71	4.32	77	-0.02232	0.34344	0.58869	0.66918	17.13245	71	4.13	77	0.0	0	0.0	0	0.0	0	0.0	0
1	1	0	320	60	169.81219	54.79011900000114	54.78333900000143	0.0050236	0.00678	0	0.1016	0.24101	0.23273	0.63729	17.85403	71	4.29	77	-0.020016	0.3084	0.58852	0.67007	16.56471	71	4.2	77	0.0	0	0.0	0	0.0	0	0.0	0
1	1	0	321	60	169.82858	54.80510640000284	54.79972380000254	0.0050731	0.0053826	0	0.1016	0.24123	0.23266	0.63712	17.6419	71	4.32	77	-0.019712	0.29611	0.58851	0.66999	16.66345	71	4.17	77	0.0	0	0.0	0	0.0	0	0.0	0
1	1	0	322	60	169.84506	54.81998320000275	54.81620770000154	0.0049744	0.0037755	0	0.044784	0.28434	0.23222	0.63726	17.30851	71	4.2	77	-0.033808	0.26786	0.58839	0.66984	16.5987	71	3.94	77	0.0	0	0.0	0	0.0	0	0.0	0
1	1	0	323	60	169.86148	54.83495380000022	54.83262250000189	0.0049204	0.0023313	0	0.015216	0.22815	0.23171	0.6373	17.11177	71	4.18	77	-0.031328	0.23762	0.58788	0.66959	15.91134	71	4.3	77	0.0	0	0.0	0	0.0	0	0.0	0
1	1	0	324	60	169.8779	54.85489400000006	54.8490395000008	0.004986	0.0058545	0	0.017968	0.20442	0.23168	0.63732	17.18692	71	4.15	77	-0.030416	0.21301	0.58775	0.66968	16.18035	71	3.92	77	0.0	0	0.0	0	0.0	0	0.0	0
1	1	0	329	60	169.89426	54.86984660000235	54.86540380000224	0.004983	0.0044428	0	0.060736	0.22053	0.23089	0.63754	16.72126	71	4.1	77	-0.005552	0.22775	0.58728	0.66959	15.91165	71	4.0	77	0.0	0	0.0	0	0.0	0	0.0	0
1	1	0	330	60	169.91078	54.889793199999986	54.88190679999752	0.0049871	0.0078864	0	0.05224	0.19487	0.23081	0.63779	16.62403	71	4.03	77	-0.033728	0.22923	0.58726	0.66997	15.90913	71	3.77	77	0.0	0	0.0	0	0.0	0	0.0	0
1	1	0	331	60	169.92722	54.90476040000067	54.89836649999779	0.004947	0.0063939	0	0.051264	0.20667	0.23077	0.63786	16.73215	71	4.02	77	-0.03472	0.25425	0.58723	0.67013	15.84437	71	3.84	77	0.0	0	0.0	0	0.0	0	0.0	0
1	1	0	332	60	169.94365	54.919763000001694	54.91479909999907	0.0050359	0.0049639	0	0.041296	0.28282	0.23017	0.63804	16.42274	71	4.01	77	-0.033312	0.36475	0.5865	0.66965	15.51775	71	3.9	77	0.0	0	0.0	0	0.0	0	0.0	0
1	1	0	333	60	169.95996	54.93966270000237	54.93110920000254	0.0049724	0.0085535	0	-0.1804	0.22196	0.22566	0.63799	15.98045	71	3.86	77	-0.16096	0.31892	0.58252	0.66968	15.29532	71	3.68	77	0.0	0	0.0	0	0.0	0	0.0	0
1	1	0	334	60	169.97653	54.954633000001195	54.94768489999842	0.0050099	0.0069481	0	-0.187312	0.24482	0.22548	0.6383	16.21203	71	3.87	77	-0.161232	0.32082	0.58202	0.66953	15.36466	71	3.71	77	0.0	0	0.0	0	0.0	0	0.0	0
1	1	0	335	60	169.99287	54.969606400001794	54.96402070000113	0.0050107	0.0055857	0	-0.285552	0.28466	0.22153	0.63885	14.87464	71	3.93	77	-0.345584	0.28756	0.57734	0.67073	15.25863	71	3.89	77	0.0	0	0.0	0	0.0	0	0.0	0
1	1	0	336	60	170.00934	54.98951460000171	54.98048750000089	0.0049633	0.0090271	0	-0.254	0.22908	0.22084	0.63865	15.25639	71	4.23	77	-0.376832	0.28022	0.57724	0.6705	15.40283	71	3.92	77	0.0	0	0.0	0	0.0	0	0.0	0
1	1	0	337	60	170.02576	55.00448289999986	54.996904900002846	0.0049634	0.007578	0	-0.246032	0.20764	0.22085	0.63786	15.30135	71	3.98	77	-0.368656	0.25637	0.57735	0.67023	15.1983	71	3.94	77	0.0	0	0.0	0	0.0	0	0.0	0
1	1	0	338	60	170.04237	55.01945640000122	55.01352080000288	0.0049879	0.0059356	0	-0.276336	0.19378	0.22132	0.63854	14.7171	71	3.86	77	-0.339216	0.25575	0.57741	0.67098	15.38204	71	3.8	77	0.0	0	0.0	0	0.0	0	0.0	0
1	1	0	339	60	170.05861	55.03441460000249	55.029761900001176	0.0049223	0.0046527	0	-0.271984	0.22022	0.22157	0.6387	14.9974	71	3.88	77	-0.339216	0.25528	0.57763	0.67091	15.24265	71	3.8	77	0.0	0	0.0	0	0.0	0	0.0	0
1	1	0	340	60	170.07498	55.049380100001144	55.04612460000135	0.0049613	0.0032555	0	-0.271984	0.22022	0.22151	0.63906	15.05888	71	3.94	77	-0.346768	0.27909	0.57761	0.67097	15.0925	71	3.79	77	0.0	0	0.0	0	0.0	0	0.0	0
1	1	0	341	60	170.09151	55.0643278000025	55.06264690000171	0.0049607	0.0016809	0	-0.282816	0.2007	0.22172	0.63865	15.00672	71	4.03	77	-0.364416	0.26271	0.5784	0.67091	14.95965	71	3.97	77	0.0	0	0.0	0	0.0	0	0.0	0
1	1	0	342	60	170.10794	55.08429420000175	55.07908480000333	0.0049883	0.0052094	0	-0.265264	0.25126	0.22211	0.63827	15.22998	71	4.05	77	-0.37456	0.34383	0.57864	0.67113	15.41479	71	3.8	77	0.0	0	0.0	0	0.0	0	0.0	0
1	1	0	343	60	170.12431	55.099241800002346	55.095463600002404	0.0049446	0.0037782	0	-0.269056	0.26144	0.22217	0.6388	15.25635	71	3.9	77	-0.37816	0.35509	0.57869	0.67108	15.36901	71	3.79	77	0.0	0	0.0	0	0.0	0	0.0	0
1	1	0	348	60	170.14079	55.11919979999948	55.11193779999667	0.0050036	0.007262	0	-0.182544	0.25173	0.22427	0.63745	15.09749	71	3.78	77	-0.245808	0.36027	0.58102	0.67056	15.20803	71	3.75	77	0.0	0	0.0	0	0.0	0	0.0	0
1	1	0	349	60	170.1571	55.134136800003034	55.128257100001065	0.0049651	0.0058797	0	0.021568	0.34028	0.23221	0.63639	16.03872	71	4.17	77	0.03552	0.34344	0.58928	0.66992	14.73786	71	4.2	77	0.0	0	0.0	0	0.0	0	0.0	0
1	1	0	350	60	170.17357	55.14909570000236	55.14470820000133	0.0049846	0.0043875	0	0.022832	0.3275	0.23217	0.63501	16.25797	71	3.87	77	0.035216	0.33048	0.58897	0.66817	14.94546	71	3.75	77	0.0	0	0.0	0	0.0	0	0.0	0
1	1	0	351	60	170.19011	55.1690649000011	55.16125210000246	0.0049866	0.0078128	0	0.245328	0.37189	0.23627	0.63569	15.86238	71	4.25	77	0.125536	0.36647	0.59228	0.66794	14.31004	71	4.21	77	0.0	0	0.0	0	0.0	0	0.0	0
1	1	0	352	60	170.20653	55.18403849999959	55.17766990000018	0.0049754	0.0063686	0	0.217584	0.37098	0.23675	0.63542	16.02475	71	4.19	77	0.14048	0.37546	0.59229	0.6682	14.35884	71	4.15	77	0.0	0	0.0	0	0.0	0	0.0	0
1	1	0	353	60	170.22292	55.198987800002214	55.194062600003235	0.0050351	0.0049252	0	0.217584	0.37098	0.23675	0.63542	16.02475	71	4.19	77	0.14048	0.37546	0.59231	0.66809	14.40409	71	4.12	77	0.0	0	0.0	0	0.0	0	0.0	0
1	1	0	354	60	170.23938	55.21404220000113	55.210513800000626	0.0049856	0.0035284	0	0.275552	0.35647	0.23658	0.63507	15.79138	71	4.16	77	0.155744	0.38606	0.59226	0.66812	14.43659	71	4.12	77	0.0	0	0.0	0	0.0	0	0.0	0
1	1	0	355	60	170.25565	55.23388360000172	55.22680010000113	0.0050128	0.0070835	0	0.25184	0.35047	0.23655	0.63545	16.53386	71	4.13	77	0.134416	0.36199	0.59201	0.66838	14.56195	71	4.23	77	0.0	0	0.0	0	0.0	0	0.0	0
1	1	0	356	60	170.27228	55.24884949999978	55.243424200001755	0.0049957	0.0054253	0	0.253056	0.36363	0.23639	0.63536	16.36881	71	4.14	77	0.135824	0.37528	0.59201	0.66838	14.56195	71	4.22	77	0.0	0	0.0	0	0.0	0	0.0	0
1	1	0	357	60	170.28888	55.263788700001896	55.26001250000263	0.0049459	0.0037762	0	0.295568	0.37429	0.2378	0.63563	16.37608	71	4.3	77	0.198144	0.39029	0.59402	0.66825	15.22321	71	4.25	77	0.0	0	0.0	0	0.0	0	0.0	0
1	1	0	358	60	170.30505	55.278756100000464	55.27619390000109	0.0049817	0.0025622	0	0.415392	0.43646	0.24057	0.63467	16.6559	71	4.05	77	0.27936	0.46133	0.59592	0.66742	15.38713	71	4.23	77	0.0	0	0.0	0	0.0	0	0.0	0
1	1	0	359	60	170.32152	55.29869390000022	55.29267079999772	0.0049555	0.0060231	0	0.41824	0.45024	0.24067	0.63519	16.48663	71	4.28	77	0.282224	0.47522	0.59634	0.66785	15.30035	71	4.27	77	0.0	0	0.0	0	0.0	0	0.0	0
1	1	0	360	60	170.3378	55.31368430000293	55.308949199999915	0.0050173	0.0047351	0	0.376368	0.42452	0.24004	0.63517	16.5587	71	4.34	77	0.272784	0.44112	0.59645	0.66819	15.44002	71	4.29	77	0.0	0	0.0	0	0.0	0	0.0	0
1	1	0	361	60	170.3542	55.33359660000133	55.32535460000145	0.0049917	0.008242	0	0.339424	0.42975	0.24042	0.63532	17.14161	71	4.3	77	0.296736	0.44836	0.59637	0.66827	15.71146	71	4.27	77	0.0	0	0.0	0	0.0	0	0.0	0
1	1	0	362	60	170.37077	55.34857380000176	55.34191170000122	0.0049329	0.0066621	0	0.337376	0.41625	0.24054	0.63524	17.20421	71	4.2	77	0.290608	0.42092	0.59638	0.66822	15.76646	71	4.28	77	0.0	0	0.0	0	0.0	0	0.0	0
1	1	0	363	60	170.38708	55.364550500002224	55.3582323000046	0.005015	0.0063182	0	0.338896	0.39695	0.24079	0.63555	17.27974	71	4.57	77	0.320896	0.41433	0.59687	0.66859	15.74963	71	4.33	77	0.0	0	0.0	0	0.0	0	0.0	0
1	1	0	368	60	170.40367	55.38449990000299	55.37480980000328	0.0049832	0.0096901	0	0.354352	0.38525	0.24079	0.63564	17.19453	71	4.65	77	0.31184	0.37857	0.59702	0.6688	16.16262	71	4.35	77	0.0	0	0.0	0	0.0	0	0.0	0
1	1	0	369	60	170.4201	55.39948600000207	55.391259300002275	0.0050416	0.0082267	0	0.354816	0.38805	0.24078	0.63531	17.3744	71	4.36	77	0.316032	0.39536	0.59691	0.66881	16.184	71	4.28	77	0.0	0	0.0	0	0.0	0	0.0	0
1	1	0	370	60	170.4364	55.4095324000009	55.40753910000058	0.0050956	0.0019933	0	0.241936	0.40819	0.23826	0.63546	17.8921	71	4.27	77	0.177184	0.4504	0.59513	0.66805	16.24459	71	4.29	77	0.0	0	0.0	0	0.0	0	0.0	0
1	1	0	371	60	170.4529	55.42937200000233	55.42403980000017	0.0046351	0.0053322	0	-0.182816	0.49399	0.22896	0.63528	17.39668	71	4.36	77	-0.123312	0.49615	0.58641	0.66788	17.15345	71	4.23	77	0.0	0	0.0	0	0.0	0	0.0	0
1	1	0	372	60	170.46939	55.444334400002845	55.44053840000197	0.0050437	0.003796	0	-0.186128	0.50812	0.22863	0.63443	17.03668	71	4.17	77	-0.124704	0.51047	0.58615	0.66718	16.49508	71	4.26	77	0.0	0	0.0	0	0.0	0	0.0	0
1	1	0	373	60	170.48572	55.4642765000026	55.45687270000417	0.0050048	0.0074038	0	-0.689424	0.47926	0.215	0.63443	14.98023	71	3.98	77	-0.713248	0.51213	0.57102	0.66622	14.89074	71	3.91	77	0.0	0	0.0	0	0.0	0	0.0	0
1	1	0	374	60	170.50218	55.47920599999998	55.473327199997584	0.004629	0.0058788	0	-0.681904	0.40996	0.21515	0.63424	15.65467	71	4.04	77	-0.720368	0.47961	0.57106	0.6681	15.8039	71	4.32	77	0.0	0	0.0	0	0.0	0	0.0	0
1	1	0	375	60	170.51854	55.49422520000007	55.48968840000089	0.0050318	0.0045368	0	-0.66288	0.38097	0.21482	0.63406	15.07344	71	4.1	77	-0.694928	0.43207	0.57093	0.66846	16.16249	71	4.57	77	0.0	0	0.0	0	0.0	0	0.0	0
1	1	0	376	60	170.53503	55.50925420000203	55.50617050000437	0.0050859	0.0030837	0	-0.686272	0.36577	0.2142	0.63398	15.09848	71	4.2	77	-0.692896	0.4241	0.5709	0.66833	16.19844	71	4.56	77	0.0	0	0.0	0	0.0	0	0.0	0
1	1	0	377	60	170.55145	55.529098500002874	55.52259390000472	0.0049898	0.0065046	0	-0.668208	0.33363	0.21438	0.63408	15.477	71	4.15	77	-0.66304	0.4079	0.57117	0.6679	16.2531	71	4.43	77	0.0	0	0.0	0	0.0	0	0.0	0
1	1	0	378	60	170.56778	55.544090499999584	55.53891609999846	0.0050647	0.0051744	0	-0.659136	0.32056	0.21438	0.63408	15.477	71	4.14	77	-0.66304	0.4079	0.57135	0.66803	16.3198	71	4.44	77	0.0	0	0.0	0	0.0	0	0.0	0
1	1	0	379	60	170.58424	55.55900790000305	55.55538660000093	0.0049858	0.0036213	0	-0.626128	0.33738	0.21467	0.63367	15.55374	71	4.21	77	-0.63632	0.43755	0.57158	0.66768	16.91535	71	4.46	77	0.0	0	0.0	0	0.0	0	0.0	0
1	1	0	380	60	170.60081	55.57399749999968	55.57196389999808	0.005024	0.0020336001	0	-0.669344	0.38034	0.21502	0.63447	16.84623	71	4.67	77	-0.649728	0.45592	0.57146	0.6675	16.70736	71	4.46	77	0.0	0	0.0	0	0.0	0	0.0	0
1	1	0	381	60	170.61714	55.593926100002136	55.58828900000299	0.0049898	0.0056371	0	-0.6872	0.40731	0.21469	0.63331	15.73551	71	4.19	77	-0.664544	0.48607	0.57163	0.66793	16.68652	71	4.57	77	0.0	0	0.0	0	0.0	0	0.0	0
1	1	0	382	60	170.63351	55.60889690000113	55.60464640000282	0.0050249	0.0042505	0	-0.695184	0.43434	0.21463	0.63371	15.52348	71	4.27	77	-0.67272	0.49472	0.57163	0.66799	16.78403	71	4.57	77	0.0	0	0.0	0	0.0	0	0.0	0
1	1	0	383	60	170.65009	55.62397930000225	55.621234100002766	0.0048496	0.0027452	0	-0.734624	0.41059	0.21442	0.63379	15.65152	71	4.33	77	-0.677632	0.50104	0.57158	0.66769	17.23068	71	4.44	77	0.0	0	0.0	0	0.0	0	0.0	0
1	1	0	388	60	170.66652	55.64381080000021	55.637663199999224	0.0050121	0.0061476	0	-0.734624	0.41059	0.2153	0.63591	17.11945	71	4.65	77	-0.670192	0.48598	0.57158	0.66769	17.23068	71	4.45	77	0.0	0	0.0	0	0.0	0	0.0	0
1	1	0	389	60	170.6828	55.658746600001905	55.653942600001756	0.005021	0.004804	0	-0.70536	0.37064	0.21542	0.636	17.35751	71	4.63	77	-0.660176	0.44546	0.57161	0.66773	17.17464	71	4.46	77	0.0	0	0.0	0	0.0	0	0.0	0
1	1	0	390	60	170.6993	55.673665100002836	55.67045130000406	0.0049553	0.0032138	0	-0.681488	0.36355	0.21547	0.63568	17.31544	71	4.7	77	-0.656784	0.41529	0.57124	0.66766	17.53802	71	4.51	77	0.0	0	0.0	0	0.0	0	0.0	0
1	1	0	391	60	170.71573	55.688664700002846	55.686868500000855	0.0050104	0.0017962	0	-0.663472	0.33727	0.21552	0.63576	17.31948	71	4.74	77	-0.649232	0.40068	0.57095	0.66695	17.3428	71	4.74	77	0.0	0	0.0	0	0.0	0	0.0	0
1	1	0	392	60	170.73227	55.70859670000209	55.703397700002824	0.0049853	0.005199	0	-0.657024	0.33895	0.21546	0.63585	17.52941	71	4.63	77	-0.656512	0.39501	0.57096	0.66756	17.71636	71	4.58	77	0.0	0	0.0	0	0.0	0	0.0	0
1	1	0	393	60	170.7485	55.7285206000015	55.71964990000197	0.004961	0.0088707	0	-0.68712	0.36122	0.21504	0.63639	17.94608	71	4.65	77	-0.660672	0.40766	0.57098	0.66821	17.79464	71	4.5	77	0.0	0	0.0	0	0.0	0	0.0	0
1	1	0	394	60	170.76501	55.743558800000756	55.73615409999911	0.0050444	0.0074047	0	-0.696352	0.3746	0.21493	0.63644	17.62514	71	4.73	77	-0.668304	0.42228	0.57098	0.66821	17.79464	71	4.49	77	0.0	0	0.0	0	0.0	0	0.0	0
1	1	0	395	60	170.78149	55.75848010000118	55.75264000000243	0.00497	0.0058401	0	-0.715104	0.37746	0.21484	0.63646	17.8456	71	4.7	77	-0.675728	0.4218	0.57088	0.66856	17.96913	71	4.6	77	0.0	0	0.0	0	0.0	0	0.0	0
1	1	0	396	60	170.79778	55.773423900001944	55.768917400000646	0.0049839	0.0045065	0	-0.708048	0.38623	0.21494	0.63606	18.05978	71	4.58	77	-0.675136	0.42385	0.57119	0.66781	18.32984	71	4.44	77	0.0	0	0.0	0	0.0	0	0.0	0
1	1	0	397	60	170.81435	55.78839270000026	55.78549100000237	0.0049859	0.0029017	0	-0.717088	0.39931	0.21509	0.63669	18.38338	71	4.71	77	-0.682688	0.43822	0.57121	0.66784	18.22577	71	4.47	77	0.0	0	0.0	0	0.0	0	0.0	0
1	1	0	398	60	170.83086	55.80831020000187	55.80201090000264	0.0049176	0.0062993	0	-0.69832	0.42607	0.21517	0.63684	18.06295	71	4.73	77	-0.670752	0.45127	0.5714	0.66792	17.81775	71	4.54	77	0.0	0	0.0	0	0.0	0	0.0	0
1	1	0	399	60	170.84706	55.82330550000188	55.818210700002965	0.0049962	0.0050948	0	-0.696192	0.45322	0.21507	0.63613	18.0414	71	4.67	77	-0.750256	0.46795	0.57151	0.6677	18.2764	71	4.45	77	0.0	0	0.0	0	0.0	0	0.0	0
1	1	0	401	60	170.86363	55.83829270000206	55.83478710000418	0.0050228	0.0035056	0	-0.696192	0.45322	0.21506	0.63613	18.05309	71	4.66	77	-0.750256	0.46795	0.57169	0.66794	18.13332	71	4.62	77	0.0	0	0.0	0	0.0	0	0.0	0
