1	1	0	68	60	601.56641	71.87950420000197	71.87528690000181	0.0049703	0.0042173	0	0.015968	0.10738	0.25845	0.60335	19.65481	71	4.77	77	-0.079424	-0.30075	0.61682	0.63269	12.62853	71	4.1	77	0.0	0	0.0	0	0.0	0	0.0	22
1	1	0	69	60	601.58282	71.89948129999902	71.89170319999903	0.0050096	0.0077781	0	0.015968	0.10738	0.25845	0.60335	19.65481	71	4.77	77	-0.079424	-0.30075	0.61682	0.63269	12.62853	71	4.1	77	0.0	0	0.0	0	0.0	0	0.0	22
1	1	0	70	60	601.5993	71.91442530000131	71.90816170000107	0.0050147	0.0062636	0	0.015968	0.10738	0.25845	0.60335	19.65481	71	4.77	77	-0.079424	-0.30075	0.61682	0.63269	12.62853	71	4.1	77	0.0	0	0.0	0	0.0	0	0.0	22
1	1	0	71	60	601.61572	71.92940570000064	71.9245692000004	0.0049936	0.0048365	0	0.015968	0.10738	0.25845	0.60335	19.65481	71	4.77	77	-0.079424	-0.30075	0.61682	0.63269	12.62853	71	4.1	77	0.0	0	0.0	0	0.0	0	0.0	22
1	1	0	72	60	601.63202	71.94435570000132	71.94088859999829	0.0049802	0.0034671	0	0.015968	0.10738	0.25845	0.60335	19.65481	71	4.77	77	-0.079424	-0.30075	0.61682	0.63269	12.62853	71	4.1	77	0.0	0	0.0	0	0.0	0	0.0	22
1	1	0	73	60	601.64862	71.9643576999988	71.95751969999765	0.0050744	0.006838	0	0.015968	0.10738	0.25845	0.60335	19.65481	71	4.77	77	-0.079424	-0.30075	0.61682	0.63269	12.62853	71	4.1	77	0.0	0	0.0	0	0.0	0	0.0	22
1	1	0	74	60	601.66498	71.97923570000057	71.97384590000365	0.0049706	0.0053898	0	0.015968	0.10738	0.25845	0.60335	19.65481	71	4.77	77	-0.079424	-0.30075	0.61682	0.63269	12.62853	71	4.1	77	0.0	0	0.0	0	0.0	0	0.0	22
1	1	0	76	60	601.68146	71.99435079999967	71.99035179999919	0.0050541	0.003999	0	0.015968	0.10738	0.25845	0.60335	19.65481	71	4.77	77	-0.079424	-0.30075	0.61682	0.63269	12.62853	71	4.1	77	0.0	0	0.0	0	0.0	0	0.0	22
1	1	0	77	60	601.69781	72.01414199999999	72.00667969999995	0.004953	0.0074623	0	0.015968	0.10738	0.25845	0.60335	19.65481	71	4.77	77	-0.079424	-0.30075	0.61682	0.63269	12.62853	71	4.1	77	0.0	0	0.0	0	0.0	0	0.0	22
1	1	0	78	60	601.71423	72.02912469999865	72.02310619999844	0.0049208	0.0060185	0	0.015968	0.10738	0.25845	0.60335	19.65481	71	4.77	77	-0.079424	-0.30075	0.61682	0.63269	12.62853	71	4.1	77	0.0	0	0.0	0	0.0	0	0.0	22
1	1	0	79	60	601.73065	72.04406419999941	72.039534800002	0.0049789	0.0045294	0	0.01312	0.00764	0.25989	0.60006	20.03241	71	4.85	77	-0.036336	0.06799	0.61788	0.62599	19.65499	71	4.97	77	0.0	0	0.0	0	0.0	0	0.0	0
1	1	0	80	60	601.74719	72.05909679999968	72.05603990000236	0.0050628	0.0030569	0	0.00456	0.07196	0.25962	0.60142	20.07987	71	4.91	77	0.009808	0.12817	0.61748	0.62821	20.61813	71	4.99	77	0.0	0	0.0	0	0.0	0	0.0	0
1	1	0	81	60	601.76355	72.07896999999866	72.0724506000006	0.0048714	0.0065194	0	0.00456	0.07196	0.25948	0.60129	19.84681	71	4.88	77	0.010464	0.13866	0.61754	0.62697	19.43093	71	5.06	77	0.0	0	0.0	0	0.0	0	0.0	0
1	1	0	82	60	601.77991	72.09397399999943	72.0888046	0.0049719	0.0051694	0	-0.220416	0.06728	0.25308	0.60085	19.3605	71	4.97	77	-0.235888	0.10507	0.60969	0.62798	19.91488	71	5.05	77	0.0	0	0.0	0	0.0	0	0.0	0
1	1	0	83	60	601.79633	72.10891980000088	72.10518570000204	0.0049833	0.0037341	0	-0.221024	0.04478	0.25302	0.60128	19.49122	71	5.09	77	-0.244656	0.07152	0.60979	0.62837	20.15376	71	5.15	77	0.0	0	0.0	0	0.0	0	0.0	0
1	1	0	84	60	601.81274	72.12886720000097	72.12160440000298	0.0049682	0.0072628	0	-0.224256	0.05415	0.25306	0.60145	19.7795	71	5.03	77	-0.246608	0.08103	0.60968	0.62798	19.73089	71	5.22	77	0.0	0	0.0	0	0.0	0	0.0	0
1	1	0	85	60	601.82928	72.14381230000072	72.13816950000182	0.0049492	0.0056428	0	-0.269904	0.08815	0.2533	0.59999	19.40959	71	5.03	77	-0.29184	0.11482	0.60997	0.6263	19.45733	71	5.2	77	0.0	0	0.0	0	0.0	0	0.0	0
1	1	0	86	60	601.8457	72.15878460000022	72.15455649999785	0.0050431	0.0042281	0	-0.232736	0.05564	0.25292	0.59975	19.46348	71	4.95	77	-0.25672	0.07444	0.60967	0.62614	19.78107	71	5.19	77	0.0	0	0.0	0	0.0	0	0.0	0
1	1	0	87	60	601.86206	72.17870210000183	72.1709639000037	0.0049677	0.0077382	0	-0.232736	0.05564	0.25292	0.59975	19.46348	71	4.95	77	-0.25672	0.07444	0.60964	0.62616	19.80652	71	5.18	77	0.0	0	0.0	0	0.0	0	0.0	0
1	1	0	90	60	601.8786	72.18975059999866	72.18748799999958	0.006046	0.0022626	0	-0.22976	0.13436	0.25292	0.60243	18.94471	71	4.84	77	-0.243488	0.1159	0.60975	0.62862	19.56475	71	5.0	77	0.0	0	0.0	0	0.0	0	0.0	0
1	1	0	91	60	601.8949	72.21063199999844	72.20377169999847	0.0049431	0.0068603	0	-0.225168	0.04257	0.25243	0.60191	19.0856	71	4.81	77	-0.30856	0.10259	0.60909	0.62824	19.48289	71	5.0	77	0.0	0	0.0	0	0.0	0	0.0	0
1	1	0	92	60	601.9115	72.22559719999845	72.22036919999664	0.0049952	0.005228	0	-0.221824	0.03305	0.25232	0.60192	19.01528	71	4.77	77	-0.303312	0.0827	0.60911	0.62853	20.059	71	4.95	77	0.0	0	0.0	0	0.0	0	0.0	0
1	1	0	93	60	601.92773	72.24054249999972	72.2366292000006	0.0049883	0.0039133	0	-0.34248	0.1191	0.24898	0.60057	18.13641	71	4.73	77	-0.418	0.14564	0.60484	0.62713	18.87226	71	4.81	77	0.0	0	0.0	0	0.0	0	0.0	0
1	1	0	94	60	601.94421	72.25569819999873	72.25308919999952	0.0051565	0.002609	0	-0.401312	0.05394	0.24913	0.59966	18.25698	71	4.69	77	-0.382432	0.02011	0.60521	0.6259	18.32208	71	4.79	77	0.0	0	0.0	0	0.0	0	0.0	0
1	1	0	95	60	601.96069	72.27545979999923	72.26957069999844	0.0049509	0.0058891	0	-0.395936	0.0442	0.24916	0.59969	18.36609	71	4.71	77	-0.382432	0.02011	0.6051	0.62583	18.33123	71	4.74	77	0.0	0	0.0	0	0.0	0	0.0	0
1	1	0	96	60	601.97711	72.29046079999898	72.28597639999862	0.0050049	0.0044844	0	-0.338448	0.08664	0.24882	0.60099	17.32339	71	4.56	77	-0.414096	0.08154	0.60503	0.62649	17.37299	71	4.62	77	0.0	0	0.0	0	0.0	0	0.0	0
1	1	0	97	60	601.99353	72.31033960000059	72.30241780000142	0.0049177	0.0079218	0	-0.359776	0.1176	0.2489	0.60051	17.2188	71	4.39	77	-0.422608	0.09142	0.60514	0.62636	17.46929	71	4.5	77	0.0	0	0.0	0	0.0	0	0.0	0
1	1	0	98	60	602.01001	72.32631409999885	72.3188541999989	0.0059398	0.0074599	0	-0.364544	0.12784	0.24912	0.60071	17.66135	71	4.37	77	-0.4264	0.10126	0.60517	0.62647	17.52425	71	4.51	77	0.0	0	0.0	0	0.0	0	0.0	0
1	1	0	99	60	602.02637	72.3412857000003	72.33522390000144	0.0049354	0.0060618	0	-0.355888	0.12313	0.24907	0.60043	16.66739	71	4.19	77	-0.425136	0.09362	0.60524	0.62687	16.97366	71	4.4	77	0.0	0	0.0	0	0.0	0	0.0	0
1	1	0	100	60	602.04272	72.35624929999904	72.35162999999739	0.0050295	0.0046193	0	-0.33296	0.05778	0.24888	0.60072	16.61958	71	4.17	77	-0.426608	0.09443	0.605	0.62726	16.72936	71	4.35	77	0.0	0	0.0	0	0.0	0	0.0	0
1	1	0	101	60	602.05927	72.37617559999853	72.36813079999774	0.0049439	0.0080448	0	-0.33296	0.05778	0.24894	0.60097	16.80103	71	4.17	77	-0.42272	0.08442	0.60488	0.62714	16.62823	71	4.31	77	0.0	0	0.0	0	0.0	0	0.0	0
1	1	0	102	60	602.07568	72.39121280000109	72.38458150000224	0.0050489	0.0066313	0	-0.444608	0.07312	0.24799	0.60108	16.49639	71	4.02	77	-0.484336	0.04637	0.60366	0.62729	16.38176	71	4.17	77	0.0	0	0.0	0	0.0	0	0.0	0
1	1	0	103	60	602.09204	72.40617310000016	72.4009303999992	0.0050383	0.0052427	0	-0.465104	0.08383	0.24795	0.60118	16.50057	71	3.99	77	-0.482864	0.10121	0.60374	0.62749	16.23507	71	4.14	77	0.0	0	0.0	0	0.0	0	0.0	0
1	1	0	104	60	602.10852	72.42612419999932	72.41739880000023	0.0050222	0.0087254	0	-0.46536	0.08424	0.24803	0.60123	16.76019	71	3.97	77	-0.483056	0.10163	0.60374	0.62757	16.31768	71	4.13	77	0.0	0	0.0	0	0.0	0	0.0	0
1	1	0	105	60	602.12494	72.44098609999855	72.43379069999719	0.0049654	0.0071954	0	-0.416192	0.0883	0.24778	0.60211	15.91639	71	3.96	77	-0.456592	0.03739	0.60355	0.62812	15.63341	71	4.14	77	0.0	0	0.0	0	0.0	0	0.0	0
1	1	0	106	60	602.14136	72.45601330000136	72.45023200000287	0.0050228	0.0057813	0	-0.3728	0.06941	0.24896	0.60402	15.97327	71	3.97	77	-0.413056	0.01366	0.60435	0.62913	15.71234	71	4.02	77	0.0	0	0.0	0	0.0	0	0.0	0
1	1	0	111	60	602.15778	72.47089150000102	72.46663640000043	0.0049853	0.0042551	0	-0.379136	0.08189	0.24905	0.60392	16.19591	71	3.88	77	-0.4264	0.04568	0.60453	0.6298	15.93546	71	4.04	77	0.0	0	0.0	0	0.0	0	0.0	0
1	1	0	112	60	602.17419	72.49091920000137	72.48305740000069	0.0050442	0.0078618	0	-0.364272	0.07232	0.24985	0.6047	15.65009	71	3.84	77	-0.460192	0.06176	0.60492	0.63056	14.96961	71	3.97	77	0.0	0	0.0	0	0.0	0	0.0	0
1	1	0	113	60	602.19067	72.50594640000054	72.49956999999995	0.0050127	0.0063764	0	-0.36816	0.12019	0.24999	0.60446	15.96713	71	3.84	77	-0.432208	0.10046	0.60518	0.63047	15.42926	71	3.98	77	0.0	0	0.0	0	0.0	0	0.0	0
1	1	0	114	60	602.20703	72.52081439999893	72.51587479999944	0.004961	0.0049396	0	-0.378096	0.14122	0.24996	0.60449	15.91063	71	3.85	77	-0.432208	0.10046	0.60531	0.63085	15.75355	71	3.91	77	0.0	0	0.0	0	0.0	0	0.0	0
1	1	0	115	60	602.22345	72.54074630000105	72.53232389999903	0.0049882	0.0084224	0	-0.422528	0.10609	0.25021	0.60429	15.46348	71	3.86	77	-0.401936	0.1021	0.60572	0.63054	15.26997	71	3.93	77	0.0	0	0.0	0	0.0	0	0.0	0
1	1	0	116	60	602.23987	72.55571879999843	72.54874869999912	0.0050064	0.0069701	0	-0.416256	0.07951	0.25016	0.6045	15.66714	71	3.81	77	-0.38448	0.06104	0.60564	0.63071	15.55408	71	4.01	77	0.0	0	0.0	0	0.0	0	0.0	0
1	1	0	117	60	602.25641	72.5706609000008	72.56530350000321	0.004969	0.0053574	0	-0.398336	0.04705	0.25013	0.60434	15.47931	71	3.81	77	-0.372672	0.02842	0.60569	0.63073	15.57601	71	3.99	77	0.0	0	0.0	0	0.0	0	0.0	0
1	1	0	118	60	602.27277	72.58561159999954	72.58167030000186	0.004947	0.0039413	0	-0.328496	-0.02547	0.25127	0.60523	15.64839	71	3.83	77	-0.323776	0.03969	0.60648	0.63151	15.70801	71	3.83	77	0.0	0	0.0	0	0.0	0	0.0	0
1	1	0	119	60	602.28961	72.6055481000003	72.59845029999997	0.0049185	0.0070978	0	-0.146608	-0.0605	0.25667	0.60617	15.48952	71	3.8	77	-0.154544	6.0E-5	0.61218	0.63248	15.22498	71	3.78	77	0.0	0	0.0	0	0.0	0	0.0	0
1	1	0	120	60	602.30573	72.62053889999879	72.61457579999842	0.0050219	0.0059631	0	-0.146608	-0.0605	0.25657	0.60567	15.30516	71	3.75	77	-0.154544	6.0E-5	0.61209	0.63197	15.15979	71	3.8	77	0.0	0	0.0	0	0.0	0	0.0	0
1	1	0	121	60	602.3222	72.63548499999888	72.6310596000003	0.0049887	0.0044254	0	-0.086704	-0.02262	0.25679	0.60561	15.00709	71	3.71	77	-0.143184	-0.01181	0.61246	0.63248	14.7826	71	3.79	77	0.0	0	0.0	0	0.0	0	0.0	0
1	1	0	122	60	602.33844	72.65044259999922	72.64732250000088	0.0049988	0.0031201	0	-0.077584	-0.05469	0.25719	0.60546	14.88843	71	3.83	77	-0.18984	0.00671	0.61283	0.632	14.90438	71	3.77	77	0.0	0	0.0	0	0.0	0	0.0	0
1	1	0	123	60	602.35486	72.67040469999847	72.66373749999912	0.0049721	0.0066672	0	-0.075776	-0.06355	0.2571	0.60545	14.94056	71	3.75	77	-0.189776	0.00633	0.61275	0.63183	14.97761	71	3.76	77	0.0	0	0.0	0	0.0	0	0.0	0
1	1	0	124	60	602.37134	72.68536229999881	72.68018649999794	0.0049922	0.0051758	0	-0.069584	-0.05385	0.25714	0.60533	15.00272	71	3.75	77	-0.157648	-0.00721	0.61277	0.63191	15.01578	71	3.76	77	0.0	0	0.0	0	0.0	0	0.0	0
1	1	0	125	60	602.38788	72.70535060000111	72.69677320000119	0.0050213	0.0085774	0	-0.074912	-0.08568	0.25695	0.60585	15.15644	71	3.85	77	-0.18032	-0.01079	0.61283	0.63134	14.92658	71	3.72	77	0.0	0	0.0	0	0.0	0	0.0	0
1	1	0	126	60	602.40424	72.72028910000154	72.71310650000305	0.0049862	0.0071826	0	-0.07664	-0.07742	0.25713	0.6055	14.99732	71	3.82	77	-0.18032	-0.01079	0.61278	0.63205	14.91149	71	3.79	77	0.0	0	0.0	0	0.0	0	0.0	0
1	1	0	127	60	602.42065	72.73521650000112	72.72956239999985	0.0049707	0.0056541	0	-0.123296	-0.03648	0.25678	0.60641	15.56585	71	3.74	77	-0.144944	0.01748	0.61232	0.63251	14.78582	71	3.83	77	0.0	0	0.0	0	0.0	0	0.0	0
1	1	0	128	60	602.43707	72.7502100999991	72.74593309999909	0.0049663	0.004277	0	-0.113872	-0.03087	0.25696	0.60633	15.63418	71	3.81	77	-0.140048	0.02196	0.61248	0.63238	15.0248	71	3.87	77	0.0	0	0.0	0	0.0	0	0.0	0
1	1	0	129	60	602.45355	72.76513609999893	72.76240459999826	0.0049421	0.0027315	0	-0.11176	-0.03955	0.25683	0.60667	15.66269	71	3.88	77	-0.13912	0.0127	0.61248	0.63237	15.04761	71	3.86	77	0.0	0	0.0	0	0.0	0	0.0	0
1	1	0	134	60	602.46991	72.78507080000054	72.77876950000064	0.0049789	0.0063013	0	-0.089536	-0.06844	0.25686	0.60515	15.30213	71	3.83	77	-0.127872	-0.04834	0.6127	0.63173	15.4552	71	3.82	77	0.0	0	0.0	0	0.0	0	0.0	0
1	1	0	135	60	602.48645	72.80002550000063	72.7953508999999	0.0049773	0.0046746	0	-0.096896	-0.09726	0.2568	0.60535	15.33649	71	3.91	77	-0.128576	-0.06419	0.61252	0.63174	15.38545	71	3.88	77	0.0	0	0.0	0	0.0	0	0.0	0
1	1	0	136	60	602.50275	72.81500320000123	72.8116480000026	0.0049927	0.0033552	0	-0.096896	-0.09726	0.2568	0.60535	15.33649	71	3.91	77	-0.128576	-0.06419	0.61249	0.63174	15.30912	71	3.89	77	0.0	0	0.0	0	0.0	0	0.0	0
1	1	0	137	60	602.51935	72.83006119999845	72.82819569999992	0.0050586	0.0018655	0	-0.124992	-0.09051	0.25655	0.60544	15.23239	71	3.92	77	-0.145072	-0.00734	0.61233	0.63196	15.41986	71	3.97	77	0.0	0	0.0	0	0.0	0	0.0	0
1	1	0	138	60	602.53552	72.84993469999972	72.84442919999856	0.0050287	0.0055055	0	-0.147456	-0.09245	0.25649	0.60588	15.85792	71	3.95	77	-0.182352	-0.07851	0.61209	0.63166	15.74665	71	4.02	77	0.0	0	0.0	0	0.0	0	0.0	0
1	1	0	139	60	602.55212	72.86486240000158	72.8609675000007	0.0049196	0.0038949	0	-0.150112	-0.08396	0.25673	0.60594	16.25566	71	3.93	77	-0.185264	-0.0618	0.61209	0.63166	15.74665	71	4.03	77	0.0	0	0.0	0	0.0	0	0.0	0
1	1	0	140	60	602.56854	72.87987079999948	72.87742369999614	0.0050264	0.0024471	0	-0.07016	-0.03451	0.25736	0.60526	15.18753	71	3.9	77	-0.168336	-0.0156	0.61272	0.63138	15.68429	71	4.1	77	0.0	0	0.0	0	0.0	0	0.0	0
1	1	0	141	60	602.5849	72.89981320000152	72.89375619999919	0.0049699	0.006057	0	-0.088864	-0.04783	0.25718	0.60513	15.38113	71	4.05	77	-0.123344	-0.02658	0.61251	0.63145	15.67105	71	4.23	77	0.0	0	0.0	0	0.0	0	0.0	0
1	1	0	142	60	602.60144	72.91476890000195	72.91030820000015	0.0050049	0.0044607	0	-0.088784	-0.04818	0.25718	0.60513	15.38113	71	4.05	77	-0.122576	-0.03532	0.61277	0.63138	15.69916	71	4.21	77	0.0	0	0.0	0	0.0	0	0.0	0
1	1	0	143	60	602.61792	72.93469769999865	72.92677420000109	0.0049589	0.0079235	0	-0.077184	-0.03341	0.25726	0.60503	15.51266	71	3.99	77	-0.106656	-0.01225	0.61285	0.63139	15.97183	71	4.15	77	0.0	0	0.0	0	0.0	0	0.0	0
1	1	0	144	60	602.63428	72.94966099999874	72.94315129999814	0.0049252	0.0065097	0	-0.06784	-0.06909	0.25717	0.60504	15.7495	71	4.06	77	-0.160784	-0.01291	0.61277	0.63112	15.90184	71	4.21	77	0.0	0	0.0	0	0.0	0	0.0	0
1	1	0	145	60	602.6507	72.96461980000095	72.95956429999933	0.0049458	0.0050555	0	-0.064464	-0.08636	0.25717	0.60504	15.7495	71	4.06	77	-0.158336	-0.03144	0.61277	0.63115	15.91445	71	4.21	77	0.0	0	0.0	0	0.0	0	0.0	0
1	1	0	146	60	602.66711	72.97956189999968	72.97598419999849	0.0048646	0.0035777	0	-0.07616	-0.12321	0.2571	0.60619	16.31292	71	4.12	77	-0.115728	-0.09227	0.6127	0.63135	15.89325	71	4.28	77	0.0	0	0.0	0	0.0	0	0.0	0
1	1	0	147	60	602.68353	72.99950860000172	72.99238680000417	0.0049742	0.0071218	0	-0.071696	-0.0429	0.25714	0.60615	16.31423	71	4.14	77	-0.15536	-0.09337	0.61266	0.63221	16.68965	71	4.27	77	0.0	0	0.0	0	0.0	0	0.0	0
1	1	0	148	60	602.70001	73.01446980000037	73.00887769999827	0.0049565	0.0055921	0	-0.07352	-0.03344	0.25725	0.60631	16.54331	71	4.17	77	-0.15776	-0.07639	0.61255	0.63215	16.62747	71	4.26	77	0.0	0	0.0	0	0.0	0	0.0	0
1	1	0	149	60	602.71649	73.02946940000038	73.02535060000082	0.0049573	0.0041188	0	-0.032448	-0.05662	0.2574	0.60518	16.32188	71	4.09	77	-0.179856	-0.02941	0.61305	0.63106	16.25183	71	4.35	77	0.0	0	0.0	0	0.0	0	0.0	0
1	1	0	150	60	602.73279	73.0444165000008	73.04163900000276	0.0048837	0.0027775	0	-0.051136	-0.02712	0.25754	0.60506	16.20887	71	4.22	77	-0.18064	-0.00605	0.61319	0.6309	16.34191	71	4.4	77	0.0	0	0.0	0	0.0	0	0.0	0
1	1	0	151	60	602.74927	73.06435490000149	73.05812580000202	0.004983	0.0062291	0	-0.05256	-0.01838	0.25742	0.60512	16.46124	71	4.18	77	-0.181984	0.00268	0.61317	0.63092	16.43759	71	4.38	77	0.0	0	0.0	0	0.0	0	0.0	0
1	1	0	152	60	602.76569	73.07933029999913	73.07455910000135	0.0049837	0.0047712	0	-0.082144	-0.18324	0.25754	0.60689	13.54092	71	3.88	77	-0.137968	0.02961	0.61389	0.63042	16.56252	71	4.4	77	0.0	0	0.0	0	0.0	0	0.0	0
1	1	0	153	60	602.78217	73.09929190000184	73.09106550000433	0.0050199	0.0082264	0	-0.082144	-0.18324	0.25754	0.60689	13.54092	71	3.88	77	-0.143792	-0.18315	0.61375	0.63349	12.54232	71	4.06	77	0.0	0	0.0	0	0.0	0	0.0	20
1	1	0	154	60	602.7984	73.11422350000066	73.10730460000195	0.0049831	0.0069189	0	-0.082144	-0.18324	0.25754	0.60689	13.54092	71	3.88	77	-0.143792	-0.18315	0.61375	0.63349	12.54232	71	4.06	77	0.0	0	0.0	0	0.0	0	0.0	22
1	1	0	155	60	602.81506	73.12919329999932	73.12391939999725	0.0048995	0.0052739	0	-0.082144	-0.18324	0.25754	0.60689	13.54092	71	3.88	77	-0.143792	-0.18315	0.61375	0.63349	12.54232	71	4.06	77	0.0	0	0.0	0	0.0	0	0.0	22
1	1	0	156	60	602.83142	73.14413889999923	73.14029429999937	0.0050025	0.0038446	0	-0.082144	-0.18324	0.25754	0.60689	13.54092	71	3.88	77	-0.143792	-0.18315	0.61375	0.63349	12.54232	71	4.06	77	0.0	0	0.0	0	0.0	0	0.0	22
1	1	0	157	60	602.84802	73.16405949999898	73.1568752000021	0.0049222	0.0071843	0	-0.082144	-0.18324	0.25754	0.60689	13.54092	71	3.88	77	-0.143792	-0.18315	0.61375	0.63349	12.54232	71	4.06	77	0.0	0	0.0	0	0.0	0	0.0	22
1	1	0	158	60	602.86414	73.17906189999849	73.1729972999965	0.0050264	0.0060646	0	-0.082144	-0.18324	0.25754	0.60689	13.54092	71	3.88	77	-0.143792	-0.18315	0.61375	0.63349	12.54232	71	4.06	77	0.0	0	0.0	0	0.0	0	0.0	22
1	1	0	159	60	602.88074	73.19401370000196	73.18959779999932	0.0049465	0.0044159	0	-0.082144	-0.18324	0.25754	0.60689	13.54092	71	3.88	77	-0.143792	-0.18315	0.61375	0.63349	12.54232	71	4.06	77	0.0	0	0.0	0	0.0	0	0.0	22
1	1	0	160	60	602.89709	73.20898179999858	73.20597929999713	0.0050062	0.0030025	0	-0.082144	-0.18324	0.25754	0.60689	13.54092	71	3.88	77	-0.143792	-0.18315	0.61375	0.63349	12.54232	71	4.06	77	0.0	0	0.0	0	0.0	0	0.0	22
1	1	0	161	60	602.91357	73.22893850000037	73.22245649999968	0.0050013	0.006482	0	-0.082144	-0.18324	0.25754	0.60689	13.54092	71	3.88	77	-0.143792	-0.18315	0.61375	0.63349	12.54232	71	4.06	77	0.0	0	0.0	0	0.0	0	0.0	22
1	1	0	162	60	602.92999	73.24390420000054	73.23888480000096	0.0050131	0.0050194	0	-0.082144	-0.18324	0.25754	0.60689	13.54092	71	3.88	77	-0.143792	-0.18315	0.61375	0.63349	12.54232	71	4.06	77	0.0	0	0.0	0	0.0	0	0.0	22
1	1	0	163	60	602.94623	73.26382670000021	73.25512890000027	0.0049342	0.0086978	0	-0.082144	-0.18324	0.25754	0.60689	13.54092	71	3.88	77	-0.143792	-0.18315	0.61375	0.63349	12.54232	71	4.06	77	0.0	0	0.0	0	0.0	0	0.0	22
1	1	0	164	60	602.96283	73.2787915000008	73.27172670000073	0.0049671	0.0070648	0	-0.082144	-0.18324	0.25754	0.60689	13.54092	71	3.88	77	-0.143792	-0.18315	0.61375	0.63349	12.54232	71	4.06	77	0.0	0	0.0	0	0.0	0	0.0	22
1	1	0	165	60	602.97919	73.29372230000081	73.28805940000166	0.0049741	0.0056629	0	-0.082144	-0.18324	0.25754	0.60689	13.54092	71	3.88	77	-0.143792	-0.18315	0.61375	0.63349	12.54232	71	4.06	77	0.0	0	0.0	0	0.0	0	0.0	22
1	1	0	166	60	602.99554	73.308738300002	73.3044512000015	0.0049874	0.0042871	0	-0.082144	-0.18324	0.25754	0.60689	13.54092	71	3.88	77	-0.143792	-0.18315	0.61375	0.63349	12.54232	71	4.06	77	0.0	0	0.0	0	0.0	0	0.0	22
1	1	0	167	60	603.01196	73.32874340000126	73.32083820000116	0.0050264	0.0079052	0	-0.082144	-0.18324	0.25754	0.60689	13.54092	71	3.88	77	-0.143792	-0.18315	0.61375	0.63349	12.54232	71	4.06	77	0.0	0	0.0	0	0.0	0	0.0	22
1	1	0	168	60	603.02838	73.34358380000049	73.3372726000016	0.0043244	0.0063112	0	-0.082144	-0.18324	0.25754	0.60689	13.54092	71	3.88	77	-0.143792	-0.18315	0.61375	0.63349	12.54232	71	4.06	77	0.0	0	0.0	0	0.0	0	0.0	22
1	1	0	169	60	603.04492	73.35865900000135	73.35379280000052	0.0050362	0.0048662	0	-0.082144	-0.18324	0.25754	0.60689	13.54092	71	3.88	77	-0.143792	-0.18315	0.61375	0.63349	12.54232	71	4.06	77	0.0	0	0.0	0	0.0	0	0.0	22
1	1	0	170	60	603.0614	73.37351829999898	73.37026649999825	0.0049762	0.0032518	0	-0.082144	-0.18324	0.25754	0.60689	13.54092	71	3.88	77	-0.143792	-0.18315	0.61375	0.63349	12.54232	71	4.06	77	0.0	0	0.0	0	0.0	0	0.0	22
1	1	0	171	60	603.07776	73.39348600000085	73.38663860000088	0.0049782	0.0068474	0	-0.082144	-0.18324	0.25754	0.60689	13.54092	71	3.88	77	-0.143792	-0.18315	0.61375	0.63349	12.54232	71	4.06	77	0.0	0	0.0	0	0.0	0	0.0	22
1	1	0	172	60	603.09418	73.40845199999967	73.40308440000081	0.0050163	0.0053676	0	-0.080304	-0.1904	0.25806	0.60375	16.14139	71	3.94	77	-0.143792	-0.18315	0.61412	0.63027	16.42425	71	4.15	77	0.0	0	0.0	0	0.0	0	0.0	0
1	1	0	173	60	603.1106	73.4235250999991	73.41943579999861	0.0051648	0.0040893	0	-0.0888	0.03312	0.25827	0.60394	15.75921	71	3.95	77	-0.149344	0.05406	0.61429	0.63058	16.24449	71	4.11	77	0.0	0	0.0	0	0.0	0	0.0	0
1	1	0	174	60	603.12695	73.43834509999942	73.4358441000004	0.0049937	0.002501	0	-0.10928	0.03895	0.25829	0.60404	16.07407	71	3.95	77	-0.151456	0.04942	0.61428	0.63055	16.10338	71	4.2	77	0.0	0	0.0	0	0.0	0	0.0	0
1	1	0	175	60	603.14349	73.45831560000079	73.4523560000016	0.0050145	0.0059596	0	-0.10928	0.03895	0.25828	0.60404	16.09353	71	3.96	77	-0.151456	0.04942	0.61436	0.63053	16.05817	71	4.21	77	0.0	0	0.0	0	0.0	0	0.0	0
1	1	0	178	60	603.15985	73.47325009999986	73.46873960000084	0.0049875	0.0045105	0	-0.077008	0.02862	0.25869	0.604	15.7746	71	3.95	77	-0.13944	0.04398	0.61462	0.6306	16.28128	71	4.08	77	0.0	0	0.0	0	0.0	0	0.0	0
1	1	0	182	60	605.78851	76.10531949999859	76.09739399999671	0.004876	0.0079255	0	0.145024	-0.3986	0.27126	0.63386	11.39392	71	3.55	77	0.127456	0.03974	0.6263	0.65652	16.80268	71	4.56	77	0.0	0	0.0	0	0.0	0	0.0	22
1	1	0	183	60	605.80487	76.1202400000002	76.11375820000103	0.0049813	0.0064818	0	0.145024	-0.3986	0.27126	0.63386	11.39392	71	3.55	77	0.127456	0.03974	0.6263	0.65652	16.80268	71	4.56	77	0.0	0	0.0	0	0.0	0	0.0	22
1	1	0	184	60	605.82135	76.13516940000045	76.13022629999978	0.0049601	0.0049431	0	0.145024	-0.3986	0.27126	0.63386	11.39392	71	3.55	77	0.127456	0.03974	0.6263	0.65652	16.80268	71	4.56	77	0.0	0	0.0	0	0.0	0	0.0	22
1	1	0	185	60	605.83771	76.15016330000071	76.14660210000147	0.0050239	0.0035612	0	0.145024	-0.3986	0.27126	0.63386	11.39392	71	3.55	77	0.127456	0.03974	0.6263	0.65652	16.80268	71	4.56	77	0.0	0	0.0	0	0.0	0	0.0	22
1	1	0	186	60	605.85419	76.17010930000106	76.16304579999996	0.0050219	0.0070635	0	0.145024	-0.3986	0.27126	0.63386	11.39392	71	3.55	77	0.127456	0.03974	0.6263	0.65652	16.80268	71	4.56	77	0.0	0	0.0	0	0.0	0	0.0	22
1	1	0	187	60	605.87061	76.18505670000013	76.1794990999988	0.0049571	0.0055576	0	-0.487872	0.24546	0.25194	0.62019	18.35681	71	4.59	77	-0.456656	0.33533	0.60623	0.64749	18.63797	71	4.56	77	0.0	0	0.0	0	0.0	0	0.0	0
1	1	0	188	60	605.88702	76.20101970000178	76.1958958000032	0.0049831	0.0051239	0	-0.46072	0.20511	0.25306	0.62066	18.65685	71	4.71	77	-0.49008	0.2644	0.60727	0.64788	18.47374	71	4.6	77	0.0	0	0.0	0	0.0	0	0.0	0
1	1	0	190	60	605.9035	76.21596789999967	76.21236700000009	0.0049799	0.0036009	0	-0.46072	0.20511	0.25297	0.62084	18.70719	71	4.73	77	-0.494768	0.27711	0.60706	0.64752	18.16288	71	4.59	77	0.0	0	0.0	0	0.0	0	0.0	0
1	1	0	191	60	605.91998	76.2369518000014	76.22886940000171	0.0049927	0.0080824	0	-0.383856	0.21677	0.2546	0.61986	18.32753	71	4.6	77	-0.450944	0.21638	0.6085	0.64753	18.44078	71	4.49	77	0.0	0	0.0	0	0.0	0	0.0	0
1	1	0	192	60	605.93634	76.25185280000005	76.24523159999808	0.0050166	0.0066212	0	-0.422272	0.24452	0.25516	0.6184	18.15221	71	4.65	77	-0.462272	0.24539	0.6091	0.64611	18.17322	71	4.57	77	0.0	0	0.0	0	0.0	0	0.0	0
1	1	0	197	60	605.95288	76.26681420000023	76.26176030000352	0.0048581	0.0050539	0	-0.43368	0.26914	0.25517	0.61868	18.46147	71	4.65	77	-0.470928	0.26995	0.60918	0.64621	18.36667	71	4.56	77	0.0	0	0.0	0	0.0	0	0.0	0
1	1	0	198	60	605.96924	76.28183649999846	76.27814319999743	0.0050172	0.0036933	0	-0.452864	0.28858	0.25576	0.62067	19.05404	71	4.73	77	-0.526208	0.24587	0.60922	0.64864	18.91908	71	4.53	77	0.0	0	0.0	0	0.0	0	0.0	0
1	1	0	199	60	605.98566	76.29676090000066	76.29455270000108	0.0046509	0.0022082	0	-0.417984	0.27233	0.25582	0.62279	18.80493	71	4.83	77	-0.499328	0.26512	0.60971	0.65027	18.87191	71	4.53	77	0.0	0	0.0	0	0.0	0	0.0	0
1	1	0	200	60	606.00208	76.31672919999983	76.31097919999957	0.0050394	0.00575	0	-0.417984	0.27233	0.2557	0.62184	18.19467	71	4.82	77	-0.494912	0.25343	0.60985	0.65035	18.64896	71	4.57	77	0.0	0	0.0	0	0.0	0	0.0	0
1	1	0	201	60	606.01855	76.3316722999989	76.32742789999975	0.0049862	0.0042444	0	-0.321264	0.19682	0.25916	0.62285	18.79433	71	4.86	77	-0.323232	0.16854	0.61289	0.651	18.44822	71	4.64	77	0.0	0	0.0	0	0.0	0	0.0	0
1	1	0	202	60	606.03479	76.3516141	76.34365330000219	0.0049781	0.0079608	0	-0.331136	0.16572	0.25891	0.62306	18.88677	71	4.99	77	-0.372016	0.12903	0.61222	0.65121	18.60779	71	4.62	77	0.0	0	0.0	0	0.0	0	0.0	0
1	1	0	203	60	606.05133	76.36167560000104	76.36021940000137	0.0050744	0.0014562	0	-0.321824	0.14312	0.25899	0.62342	19.26086	71	4.96	77	-0.365008	0.10704	0.61219	0.65141	18.67861	71	4.66	77	0.0	0	0.0	0	0.0	0	0.0	0
1	1	0	204	60	606.06775	76.38153550000061	76.37658840000222	0.004973	0.0049471	0	-0.302736	0.15513	0.25866	0.62318	19.29273	71	4.91	77	-0.363616	0.15227	0.61194	0.65038	18.20872	71	4.68	77	0.0	0	0.0	0	0.0	0	0.0	0
1	1	0	205	60	606.08447	76.40149010000096	76.39334090000193	0.0050179	0.0081492	0	-0.348752	0.15995	0.25812	0.62501	19.17335	71	4.98	77	-0.405824	0.16977	0.61164	0.65291	18.58138	71	4.73	77	0.0	0	0.0	0	0.0	0	0.0	0
1	1	0	206	60	606.10071	76.41640980000011	76.40955810000014	0.0049655	0.0068517	0	-0.360128	0.18632	0.25826	0.62472	19.07814	71	4.98	77	-0.414704	0.19648	0.6117	0.65262	18.30956	71	4.74	77	0.0	0	0.0	0	0.0	0	0.0	0
1	1	0	207	60	606.11707	76.43143710000004	76.42595269999947	0.0049722	0.0054844	0	-0.324512	0.19344	0.2574	0.62603	18.75829	71	4.8	77	-0.389888	0.17533	0.61091	0.65344	18.0815	71	4.62	77	0.0	0	0.0	0	0.0	0	0.0	0
1	1	0	208	60	606.13336	76.4463711999997	76.44225480000023	0.0050484	0.0041164	0	-0.350304	0.22622	0.25725	0.62619	19.03213	71	4.8	77	-0.429328	0.18399	0.61046	0.6536	18.2077	71	4.57	77	0.0	0	0.0	0	0.0	0	0.0	0
1	1	0	209	60	606.14984	76.461392600002	76.45868850000261	0.0047945	0.0027041	0	-0.355024	0.23792	0.25731	0.62625	19.18302	71	4.79	77	-0.437008	0.20604	0.61052	0.65295	17.58218	71	4.57	77	0.0	0	0.0	0	0.0	0	0.0	0
1	1	0	210	60	606.16632	76.48132479999913	76.4752124000006	0.0050044	0.0061124	0	-0.300416	0.31453	0.25922	0.62105	18.54359	71	4.62	77	-0.31504	0.38308	0.61115	0.6487	18.16308	71	4.62	77	0.0	0	0.0	0	0.0	0	0.0	0
1	1	0	211	60	606.18274	76.49622230000023	76.49162079999951	0.0050143	0.0046015	0	-0.243952	0.29581	0.25952	0.62012	18.55635	71	4.72	77	-0.28688	0.36133	0.61127	0.64805	18.8326	71	4.53	77	0.0	0	0.0	0	0.0	0	0.0	0
1	1	0	212	60	606.19922	76.51131030000033	76.50808660000257	0.0050935	0.0032237	0	-0.23952	0.28003	0.25977	0.61988	18.70702	71	4.72	77	-0.28392	0.34478	0.61127	0.64745	18.27618	71	4.52	77	0.0	0	0.0	0	0.0	0	0.0	0
1	1	0	213	60	606.2157	76.53116930000033	76.52455869999903	0.0049884	0.0066106	0	-0.28272	0.33307	0.2593	0.62109	18.02445	71	4.47	77	-0.334208	0.3413	0.61127	0.64842	17.58051	71	4.39	77	0.0	0	0.0	0	0.0	0	0.0	0
1	1	0	214	60	606.23212	76.54609559999881	76.54096529999879	0.0046981	0.0051303	0	-0.31672	0.29797	0.25895	0.6215	18.44406	71	4.4	77	-0.303376	0.29927	0.61108	0.64908	18.09292	71	4.38	77	0.0	0	0.0	0	0.0	0	0.0	0
1	1	0	215	60	606.24841	76.56203789999927	76.55725040000107	0.0059633	0.0047875	0	-0.31672	0.29797	0.25898	0.62156	18.27162	71	4.44	77	-0.303376	0.29927	0.611	0.64951	18.0892	71	4.49	77	0.0	0	0.0	0	0.0	0	0.0	0
1	1	0	216	60	606.26483	76.57700499999919	76.57370880000235	0.0049807	0.0032962	0	-0.26008	0.31169	0.25865	0.62307	17.94874	71	4.46	77	-0.324688	0.32559	0.61054	0.65039	17.6519	71	4.3	77	0.0	0	0.0	0	0.0	0	0.0	0
1	1	0	217	60	606.28137	76.59696919999988	76.59023199999865	0.0049712	0.0067372	0	-0.259808	0.33626	0.25895	0.62186	17.58809	71	4.41	77	-0.3136	0.30402	0.61082	0.64917	17.39499	71	4.25	77	0.0	0	0.0	0	0.0	0	0.0	0
1	1	0	222	60	606.29779	76.61191680000047	76.60665309999968	0.0049864	0.0052637	0	-0.263488	0.34926	0.25913	0.62204	18.12815	71	4.37	77	-0.313712	0.30453	0.61084	0.64935	17.3526	71	4.35	77	0.0	0	0.0	0	0.0	0	0.0	0
1	1	0	223	60	606.31415	76.62689920000048	76.62302270000146	0.0049225	0.0038765	0	-0.281056	0.34098	0.25941	0.62088	17.66833	71	4.35	77	-0.363856	0.37107	0.61155	0.64865	17.30687	71	4.28	77	0.0	0	0.0	0	0.0	0	0.0	0
1	1	0	224	60	606.33069	76.64681990000099	76.6395311999986	0.0049591	0.0072887	0	-0.29072	0.31547	0.25938	0.62103	17.66707	71	4.23	77	-0.327872	0.3396	0.61137	0.64876	17.50903	71	4.21	77	0.0	0	0.0	0	0.0	0	0.0	0
1	1	0	225	60	606.34705	76.66179729999931	76.65593149999768	0.004966	0.0058658	0	-0.286816	0.30311	0.25939	0.62109	17.64892	71	4.24	77	-0.327872	0.3396	0.61137	0.64876	17.50903	71	4.21	77	0.0	0	0.0	0	0.0	0	0.0	0
1	1	0	226	60	606.36353	76.67674260000058	76.67238839999845	0.0049762	0.0043542	0	-0.280608	0.30698	0.25922	0.62277	17.0893	71	4.21	77	-0.28568	0.34249	0.61132	0.64985	16.85755	71	4.11	77	0.0	0	0.0	0	0.0	0	0.0	0
1	1	0	227	60	606.37988	76.69167699999889	76.68876889999592	0.0049707	0.0029081	0	-0.268576	0.28299	0.25906	0.62348	17.37611	71	4.25	77	-0.355744	0.38518	0.61089	0.65028	16.70947	71	4.18	77	0.0	0	0.0	0	0.0	0	0.0	0
1	1	0	228	60	606.39636	76.71266330000071	76.70522510000228	0.0059649	0.0074382	0	-0.272256	0.295	0.25881	0.62319	17.00043	71	4.24	77	-0.358672	0.39821	0.61084	0.65078	17.0641	71	4.16	77	0.0	0	0.0	0	0.0	0	0.0	0
1	1	0	229	60	606.41266	76.72760850000122	76.72152580000329	0.0049593	0.0060827	0	-0.253056	0.31826	0.25897	0.62253	17.2563	71	4.17	77	-0.329392	0.35306	0.61101	0.64887	16.52641	71	4.23	77	0.0	0	0.0	0	0.0	0	0.0	0
1	1	0	230	60	606.42914	76.74265740000192	76.73799100000178	0.0050436	0.0046664	0	-0.296096	0.28217	0.25923	0.62217	17.18214	71	4.19	77	-0.360928	0.33545	0.61129	0.64926	16.74713	71	4.06	77	0.0	0	0.0	0	0.0	0	0.0	0
1	1	0	231	60	606.44556	76.75751930000115	76.75443020000239	0.0049671	0.0030891	0	-0.296096	0.28217	0.25939	0.62168	17.08873	71	4.22	77	-0.360928	0.33545	0.61136	0.64923	16.69676	71	4.13	77	0.0	0	0.0	0	0.0	0	0.0	0
1	1	0	232	60	606.46198	76.7775556000015	76.77086960000088	0.0050442	0.006686	0	-0.241744	0.30475	0.26101	0.62123	16.59624	71	4.05	77	-0.207056	0.37251	0.61352	0.64877	16.31828	71	4.04	77	0.0	0	0.0	0	0.0	0	0.0	0
1	1	0	233	60	606.47852	76.79260179999983	76.78738090000115	0.0051575	0.0052209	0	0.024144	0.29436	0.26803	0.62317	15.79917	71	4.11	77	-0.010016	0.2622	0.62066	0.65115	15.47313	71	4.01	77	0.0	0	0.0	0	0.0	0	0.0	0
1	1	0	234	60	606.49487	76.80740779999905	76.80376059999617	0.0049762	0.0036472	0	0.024144	0.29436	0.2678	0.62335	16.39228	71	4.09	77	-0.010016	0.2622	0.62047	0.65182	16.37895	71	3.9	77	0.0	0	0.0	0	0.0	0	0.0	0
1	1	0	235	60	606.51135	76.82736619999923	76.8202515999983	0.0050306	0.0071146	0	0.16304	0.18567	0.27029	0.6255	15.74304	71	4.05	77	0.149664	0.23913	0.62277	0.65425	15.15349	71	3.7	77	0.0	0	0.0	0	0.0	0	0.0	0
1	1	0	236	60	606.52771	76.84235420000186	76.83656740000151	0.0050312	0.0057868	0	0.104192	0.20814	0.27054	0.62557	15.76346	71	4.05	77	0.036896	0.21904	0.62292	0.65447	15.18319	71	3.77	77	0.0	0	0.0	0	0.0	0	0.0	0
1	1	0	237	60	606.54419	76.85728550000204	76.85307549999925	0.0049977	0.00421	0	0.104192	0.20814	0.27049	0.62548	15.70267	71	4.05	77	0.036	0.20801	0.62298	0.65437	15.09771	71	3.78	77	0.0	0	0.0	0	0.0	0	0.0	0
1	1	0	238	60	606.56061	76.87224200000128	76.8694832000001	0.0049924	0.0027588	0	0.143552	0.17461	0.27101	0.62467	16.32672	71	4.06	77	0.080464	0.16895	0.6237	0.65307	15.00149	71	3.71	77	0.0	0	0.0	0	0.0	0	0.0	0
1	1	0	239	60	606.57703	76.89218710000205	76.88590640000257	0.0049428	0.0062807	0	0.135664	0.13666	0.27102	0.62437	16.18533	71	4.07	77	0.117936	0.20097	0.62373	0.65315	15.32112	71	3.67	77	0.0	0	0.0	0	0.0	0	0.0	0
1	1	0	240	60	606.59351	76.90716450000036	76.90235030000258	0.0050471	0.0048142	0	0.13504	0.12609	0.27106	0.62411	15.71683	71	4.12	77	0.117936	0.20097	0.62371	0.65306	15.19888	71	3.67	77	0.0	0	0.0	0	0.0	0	0.0	0
1	1	0	241	60	606.60999	76.92206219999935	76.91883239999879	0.0049709	0.0032298	0	0.152992	0.13394	0.27093	0.62499	15.97276	71	3.97	77	0.11232	0.14315	0.62396	0.65418	15.04194	71	3.78	77	0.0	0	0.0	0	0.0	0	0.0	0
1	1	0	242	60	606.62628	76.93703730000198	76.93513670000175	0.0049907	0.0019006	0	0.150672	0.19817	0.27093	0.62539	15.90232	71	4.07	77	0.124896	0.20347	0.62391	0.65441	14.97348	71	3.77	77	0.0	0	0.0	0	0.0	0	0.0	0
1	1	0	247	60	606.64276	76.95699990000139	76.95165930000076	0.0050052	0.0053406	0	0.151472	0.20945	0.27091	0.62551	15.99402	71	4.05	77	0.126672	0.21446	0.62379	0.65427	15.03444	71	3.69	77	0.0	0	0.0	0	0.0	0	0.0	0
1	1	0	248	60	606.65918	76.97194170000148	76.96808350000356	0.0050024	0.0038582	0	0.121216	0.2026	0.27087	0.6257	15.82125	71	4.05	77	0.119824	0.26352	0.62393	0.6546	14.76146	71	3.69	77	0.0	0	0.0	0	0.0	0	0.0	0
1	1	0	249	60	606.6756	76.99185099999886	76.98445359999823	0.0049723	0.0073974	0	-0.023024	0.19833	0.2674	0.62494	16.0563	71	3.97	77	-0.0724	0.21059	0.62066	0.65276	15.63256	71	3.83	77	0.0	0	0.0	0	0.0	0	0.0	0
1	1	0	250	60	606.69196	77.00683149999895	77.00083910000103	0.0049891	0.0059924	0	-0.023024	0.19833	0.26726	0.62477	16.14618	71	4.0	77	-0.072208	0.19965	0.62045	0.65322	16.22263	71	3.93	77	0.0	0	0.0	0	0.0	0	0.0	0
1	1	0	251	60	606.70856	77.02674810000099	77.01744440000039	0.0049583	0.0093037	0	-0.014064	0.21127	0.26654	0.62457	16.17442	71	4.0	77	-0.112448	0.23651	0.61931	0.65211	15.55978	71	3.91	77	0.0	0	0.0	0	0.0	0	0.0	0
1	1	0	252	60	606.72479	77.04174910000074	77.0336943000002	0.00503	0.0080548	0	0.00728	0.18225	0.26625	0.62482	16.15968	71	3.99	77	-0.093952	0.20199	0.61896	0.65282	16.37337	71	3.94	77	0.0	0	0.0	0	0.0	0	0.0	0
1	1	0	253	60	606.74127	77.05177860000185	77.05015110000022	0.0050113	0.0016275	0	0.008032	0.17123	0.26624	0.62495	16.15556	71	4.04	77	-0.093536	0.19077	0.61894	0.6525	15.88764	71	3.94	77	0.0	0	0.0	0	0.0	0	0.0	0
1	1	0	254	60	606.75781	77.07167470000059	77.06667670000024	0.0049577	0.004998	0	-0.037056	0.1659	0.26554	0.62569	16.55026	71	3.99	77	-0.14144	0.15257	0.61837	0.65326	16.14675	71	3.92	77	0.0	0	0.0	0	0.0	0	0.0	0
1	1	0	255	60	606.77423	77.08662879999974	77.08308019999822	0.0049497	0.0035486	0	-0.009952	0.13703	0.26529	0.626	16.49019	71	4.11	77	-0.09536	0.15171	0.61813	0.65327	16.29673	71	3.97	77	0.0	0	0.0	0	0.0	0	0.0	0
1	1	0	256	60	606.79059	77.10657319999882	77.09946199999831	0.0049621	0.0071112	0	-0.009952	0.13703	0.26536	0.62622	16.51202	71	4.11	77	-0.095808	0.16248	0.61808	0.65337	16.47894	71	3.96	77	0.0	0	0.0	0	0.0	0	0.0	0
1	1	0	257	60	606.80707	77.12152870000136	77.11594490000061	0.0048732	0.0055838	0	-0.024832	0.14433	0.26516	0.62607	16.3127	71	4.03	77	-0.117312	0.18626	0.61783	0.65283	16.57191	71	3.96	77	0.0	0	0.0	0	0.0	0	0.0	0
1	1	0	258	60	606.82349	77.13651789999858	77.1323670999991	0.0049551	0.0041508	0	0.015584	0.14186	0.26496	0.62628	16.6307	71	4.17	77	-0.068432	0.22808	0.61774	0.65268	16.47312	71	4.05	77	0.0	0	0.0	0	0.0	0	0.0	0
