1	1	0	68	60	1513.26233	79.85915129999921	79.85531619999892	0.0050189	0.0038351	0	-0.8	0.5	0.22406	0.52411	14.32712	71	4.24	77	-0.8	0.5	0.51239	0.48259	14.88004	71	4.81	77	0.0	0	0.0	0	0.0	0	0.0	22
1	1	0	69	60	1513.27869	79.88008700000137	79.8717128999997	0.0049844002	0.0083741	0	-0.8	0.5	0.22406	0.52411	14.32712	71	4.24	77	-0.8	0.5	0.51239	0.48259	14.88004	71	4.81	77	0.0	0	0.0	0	0.0	0	0.0	22
1	1	0	70	60	1513.29517	79.8903476000014	79.88808150000114	0.0052917	0.0022661	0	-0.8	0.5	0.22406	0.52411	14.32712	71	4.24	77	-0.8	0.5	0.51239	0.48259	14.88004	71	4.81	77	0.0	0	0.0	0	0.0	0	0.0	22
1	1	0	71	60	1513.31165	79.91003180000189	79.9046030999998	0.0050094	0.0054287	0	-0.8	0.5	0.22101	0.52492	13.82004	71	4.25	77	-0.8	0.5	0.50844	0.48497	15.36155	71	4.84	77	0.0	0	0.0	0	0.0	0	0.0	0
1	1	0	72	60	1513.328	79.92501470000207	79.9210069000037	0.0050367	0.0040078	0	-0.8	0.5	0.22072	0.52453	13.69317	71	4.13	77	-0.8	0.5	0.50824	0.4844	14.91455	71	4.83	77	0.0	0	0.0	0	0.0	0	0.0	0
1	1	0	73	60	1513.34448	79.94493870000224	79.93746560000363	0.0050232	0.0074731	0	-0.8	0.5	0.22181	0.52267	12.77998	71	4.3	77	-0.8	0.5	0.5096	0.48403	15.35888	71	4.75	77	0.0	0	0.0	0	0.0	0	0.0	0
1	1	0	76	60	1513.36096	79.95985519999886	79.95388399999865	0.0049252	0.0059712	0	-0.8	0.5	0.22264	0.52222	12.2163	71	4.39	77	-0.8	0.5	0.51041	0.48418	15.70434	71	4.78	77	0.0	0	0.0	0	0.0	0	0.0	0
1	1	0	77	60	1513.37732	79.97489290000158	79.97029300000213	0.0050312	0.0045999	0	-0.8	0.5	0.22275	0.52266	13.71078	71	4.12	77	-0.8	0.5	0.50988	0.48362	15.05772	71	4.93	77	0.0	0	0.0	0	0.0	0	0.0	0
1	1	0	78	60	1513.3938	79.98980640000082	79.98672280000028	0.0049588	0.0030836	0	-0.8	0.5	0.224	0.51978	11.20261	71	4.49	77	-0.8	0.5	0.51178	0.48314	15.50133	71	5.01	77	0.0	0	0.0	0	0.0	0	0.0	0
1	1	0	79	60	1513.41016	80.00973910000175	80.0031893000014	0.0049604	0.0065498	0	-0.8	0.5	0.22465	0.51888	12.03372	71	4.35	77	-0.8	0.5	0.5125	0.48141	15.26323	71	4.78	77	0.0	0	0.0	0	0.0	0	0.0	0
1	1	0	80	60	1513.42676	80.02470979999998	80.01973060000091	0.0049466	0.0049792	0	-0.8	0.5	0.22474	0.51842	11.85382	71	4.29	77	-0.8	0.5	0.51195	0.48147	15.10096	71	4.98	77	0.0	0	0.0	0	0.0	0	0.0	0
1	1	0	81	60	1513.44312	80.03963909999948	80.03607019999981	0.0047784	0.0035689	0	-0.8	0.5	0.2255	0.51667	11.90647	71	4.38	77	-0.8	0.5	0.51274	0.47901	15.09453	71	4.72	77	0.0	0	0.0	0	0.0	0	0.0	0
1	1	0	83	60	1513.45959	80.05458179999914	80.05255949999992	0.0049718	0.0020223	0	-0.8	0.5	0.22588	0.51611	12.29466	71	4.48	77	-0.8	0.5	0.51295	0.47849	14.94048	71	4.82	77	0.0	0	0.0	0	0.0	0	0.0	0
1	1	0	84	60	1513.47595	80.07461650000187	80.06887010000355	0.0050062	0.0057464	0	-0.8	0.5	0.22625	0.51612	12.60394	71	4.58	77	-0.8	0.5	0.51301	0.47868	15.59706	71	4.9	77	0.0	0	0.0	0	0.0	0	0.0	0
1	1	0	85	60	1513.49231	80.08948650000093	80.08531249999942	0.0049701	0.004174	0	-0.8	0.5	0.22597	0.51462	12.56686	71	4.59	77	-0.8	0.5	0.5123	0.47601	15.26324	71	4.75	77	0.0	0	0.0	0	0.0	0	0.0	0
1	1	0	86	60	1513.50891	80.1094035999995	80.10183029999826	0.0049539	0.0075733	0	-0.8	0.5	0.2259	0.51569	12.79488	71	4.7	77	-0.8	0.5	0.51212	0.47761	15.69738	71	4.79	77	0.0	0	0.0	0	0.0	0	0.0	0
1	1	0	87	60	1513.52515	80.11977269999988	80.11814429999868	0.0053546	0.0016284001	0	-0.8	0.5	0.22609	0.51562	13.4142	71	4.46	77	-0.8	0.5	0.51236	0.4781	15.55244	71	4.87	77	0.0	0	0.0	0	0.0	0	0.0	0
1	1	0	88	60	1513.54163	80.13933220000035	80.13457729999936	0.0049422	0.0047549	0	-0.8	0.5	0.22348	0.51625	13.91663	71	4.33	77	-0.8	0.5	0.50923	0.47815	15.43889	71	5.01	77	0.0	0	0.0	0	0.0	0	0.0	0
1	1	0	89	60	1513.55811	80.15436640000189	80.15105480000057	0.0050473	0.0033116	0	-0.8	0.5	0.22125	0.51686	14.23306	71	4.3	77	-0.8	0.5	0.5058	0.47904	14.74837	71	4.95	77	0.0	0	0.0	0	0.0	0	0.0	0
1	1	0	90	60	1513.57446	80.17532480000227	80.16738420000183	0.0059997	0.0079406	0	-0.8	0.5	0.22096	0.51546	13.17788	71	4.42	77	-0.8	0.5	0.50593	0.4793	16.05171	71	4.84	77	0.0	0	0.0	0	0.0	0	0.0	0
1	1	0	91	60	1513.59094	80.19024210000134	80.18390999999974	0.0049685	0.0063321	0	-0.8	0.5	0.21919	0.51809	13.47674	71	4.25	77	-0.8	0.5	0.50339	0.48011	14.74824	71	4.9	77	0.0	0	0.0	0	0.0	0	0.0	0
1	1	0	92	60	1513.6073	80.20521780000126	80.20024510000076	0.0049935	0.0049727	0	-0.8	0.5	0.21896	0.51852	13.8913	71	4.28	77	-0.8	0.5	0.50296	0.47987	15.0063	71	4.87	77	0.0	0	0.0	0	0.0	0	0.0	0
1	1	0	93	60	1513.62378	80.2201771	80.21676730000036	0.0049287	0.0034098	0	-0.8	0.5	0.21904	0.5183	13.67921	71	4.22	77	-0.8	0.5	0.50275	0.47947	14.4155	71	4.84	77	0.0	0	0.0	0	0.0	0	0.0	0
1	1	0	94	60	1513.64014	80.2421331000005	80.23306700000103	0.005972	0.0090661	0	-0.8	0.5	0.2182	0.51967	13.39381	71	4.06	77	-0.8	0.5	0.50196	0.47958	14.20287	71	4.77	77	0.0	0	0.0	0	0.0	0	0.0	0
1	1	0	95	60	1513.65662	80.25209290000203	80.24960040000224	0.0049886	0.0024925	0	-0.8	0.5	0.2179	0.52025	13.42876	71	4.1	77	-0.8	0.5	0.5018	0.4802	14.14551	71	4.58	77	0.0	0	0.0	0	0.0	0	0.0	0
1	1	0	96	60	1513.67297	80.27200119999907	80.26600079999844	0.004975	0.0060004	0	-0.8	0.5	0.21787	0.51978	13.24774	71	3.99	77	-0.8	0.5	0.50167	0.48001	13.98476	71	4.59	77	0.0	0	0.0	0	0.0	0	0.0	0
1	1	0	97	60	1513.68933	80.29198639999959	80.28235439999844	0.0049743	0.009632	0	-0.8	0.5	0.21772	0.52003	12.15073	71	3.98	77	-0.8	0.5	0.50165	0.48022	13.20662	71	4.49	77	0.0	0	0.0	0	0.0	0	0.0	0
1	1	0	98	60	1513.70593	80.30690450000111	80.29888370000117	0.0049905	0.0080208	0	-0.8	0.5	0.2182	0.51997	12.1425	71	4.03	77	-0.8	0.5	0.50169	0.47987	13.17854	71	4.44	77	0.0	0	0.0	0	0.0	0	0.0	0
1	1	0	99	60	1513.72241	80.32186860000002	80.31534210000245	0.0049133	0.0065265	0	-0.8	0.5	0.2178	0.51971	12.33245	71	3.74	77	-0.8	0.5	0.50175	0.48056	13.45825	71	4.41	77	0.0	0	0.0	0	0.0	0	0.0	0
1	1	0	100	60	1513.73877	80.33682570000019	80.33174479999798	0.0049636	0.0050809	0	-0.8	0.5	0.21675	0.52011	11.90238	71	4.17	77	-0.8	0.5	0.50001	0.48141	13.46348	71	4.5	77	0.0	0	0.0	0	0.0	0	0.0	0
1	1	0	101	60	1513.75525	80.35185850000198	80.34821490000468	0.0050395	0.0036436	0	-0.8	0.5	0.21533	0.51803	11.43568	71	3.65	77	-0.8	0.5	0.49842	0.48071	13.47999	71	4.48	77	0.0	0	0.0	0	0.0	0	0.0	0
1	1	0	102	60	1513.77161	80.37173280000206	80.36464089999936	0.0049354	0.0070919	0	-0.8	0.5	0.21461	0.51734	11.41718	71	3.61	77	-0.8	0.5	0.49817	0.4808	13.34558	71	4.4	77	0.0	0	0.0	0	0.0	0	0.0	0
1	1	0	103	60	1513.78809	80.38673100000233	80.38101620000452	0.0049585	0.0057148	0	-0.8	0.5	0.21532	0.5176	11.51746	71	3.45	77	-0.8	0.5	0.49872	0.48035	12.87419	71	4.24	77	0.0	0	0.0	0	0.0	0	0.0	0
1	1	0	104	60	1513.80444	80.40273109999907	80.39739539999573	0.0050699	0.0053357	0	-0.8	0.5	0.21546	0.5174	11.39014	71	3.49	77	-0.8	0.5	0.49868	0.48022	12.95641	71	4.2	77	0.0	0	0.0	0	0.0	0	0.0	0
1	1	0	105	60	1513.82092	80.4186277000008	80.41388480000023	0.0050358	0.0047429	0	-0.8	0.5	0.21552	0.51752	11.39679	71	3.47	77	-0.8	0.5	0.49871	0.48024	13.03017	71	4.28	77	0.0	0	0.0	0	0.0	0	0.0	0
1	1	0	106	60	1513.83728	80.4335714000008	80.43030830000134	0.0049849	0.0032631	0	-0.8	0.5	0.21551	0.5165	10.75719	71	3.65	77	-0.8	0.5	0.49897	0.47875	12.79951	71	3.97	77	0.0	0	0.0	0	0.0	0	0.0	20
1	1	0	107	60	1513.85376	80.45351300000038	80.44666950000101	0.0049753	0.0068435	0	-0.8	0.5	0.21558	0.51744	10.74441	71	3.43	77	-0.8	0.5	0.49889	0.47981	12.86602	71	4.01	77	0.0	0	0.0	0	0.0	0	0.0	0
1	1	0	108	60	1513.87024	80.46849619999921	80.46319669999866	0.0050003	0.0052995	0	-0.8	0.5	0.21553	0.5172	10.83362	71	3.36	77	-0.8	0.5	0.49884	0.47962	12.67874	71	3.93	77	0.0	0	0.0	0	0.0	0	0.0	0
1	1	0	109	60	1513.8866	80.48842019999938	80.47961679999935	0.0049355	0.0088034	0	-0.8	0.5	0.21486	0.51699	9.72796	71	3.21	77	-0.8	0.5	0.49879	0.48031	12.44336	71	4.12	77	0.0	0	0.0	0	0.0	0	0.0	20
1	1	0	110	60	1513.90308	80.50338019999981	80.49606889999632	0.0048803	0.0073113	0	-0.8	0.5	0.21445	0.51715	10.06007	71	3.31	77	-0.8	0.5	0.49878	0.48008	12.62995	71	3.94	77	0.0	0	0.0	0	0.0	0	0.0	20
1	1	0	111	60	1513.91956	80.51937270000053	80.51247230000081	0.0049724	0.0069004	0	-0.8	0.5	0.21436	0.51766	10.49303	71	3.14	77	-0.8	0.5	0.49838	0.47959	12.53783	71	3.85	77	0.0	0	0.0	0	0.0	0	0.0	20
1	1	0	112	60	1513.93604	80.53437430000122	80.52898990000176	0.0050204	0.0053844	0	-0.8	0.5	0.21373	0.51809	9.96843	71	3.25	77	-0.8	0.5	0.49776	0.48036	12.42079	71	3.91	77	0.0	0	0.0	0	0.0	0	0.0	20
1	1	0	113	60	1513.95227	80.55424470000071	80.54528490000303	0.0048651	0.0089598	0	-0.8	0.5	0.21341	0.51853	10.35738	71	3.3	77	-0.8	0.5	0.4971	0.47945	12.31333	71	3.71	77	0.0	0	0.0	0	0.0	0	0.0	2
1	1	0	114	60	1513.96875	80.56920850000097	80.56170460000067	0.0049981	0.0075039	0	-0.8	0.5	0.21349	0.51866	10.42681	71	3.39	77	-0.8	0.5	0.49652	0.47906	12.61987	71	3.85	77	0.0	0	0.0	0	0.0	0	0.0	2
1	1	0	115	60	1513.98523	80.58415679999962	80.57821469999908	0.0049628	0.0059421	0	-0.8	0.5	0.21484	0.52246	10.25242	71	5.41	77	-0.8	0.5	0.49615	0.47944	11.97524	71	4.21	77	0.0	0	0.0	0	0.0	0	0.0	0
1	1	0	116	60	1514.00159	80.59916510000039	80.59459120000247	0.0049899	0.0045739	0	-0.8	0.5	0.21537	0.52252	11.23117	71	5.41	77	-0.8	0.5	0.49588	0.47949	12.00194	71	4.32	77	0.0	0	0.0	0	0.0	0	0.0	0
1	1	0	117	60	1514.01807	80.61909430000014	80.6110551999991	0.00499	0.0080391	0	-0.8	0.5	0.21533	0.52218	11.1171	71	5.43	77	-0.8	0.5	0.49574	0.47916	11.90279	71	4.25	77	0.0	0	0.0	0	0.0	0	0.0	0
1	1	0	118	60	1514.03442	80.6340225999993	80.62743259999843	0.004986	0.00659	0	-0.8	0.5	0.21503	0.52209	10.60213	71	5.45	77	-0.8	0.5	0.49652	0.47966	11.92394	71	4.71	77	0.0	0	0.0	0	0.0	0	0.0	0
1	1	0	119	60	1514.0509	80.64899549999973	80.64391599999726	0.0049507	0.0050795	0	-0.8	0.5	0.21498	0.52386	10.6611	71	5.4	77	-0.8	0.5	0.49592	0.47964	11.58985	71	4.1	77	0.0	0	0.0	0	0.0	0	0.0	0
1	1	0	120	60	1514.06726	80.66890910000075	80.6602942999998	0.004986	0.0086148	0	-0.8	0.5	0.2154	0.52382	10.19936	71	5.49	77	-0.8	0.5	0.49598	0.47992	11.70352	71	4.02	77	0.0	0	0.0	0	0.0	0	0.0	0
1	1	0	121	60	1514.08374	80.68398739999975	80.67674050000278	0.0050426	0.0072469	0	-0.8	0.5	0.21467	0.52219	9.49809	71	3.65	77	-0.8	0.5	0.49722	0.4818	11.72668	71	3.98	77	0.0	0	0.0	0	0.0	0	0.0	0
1	1	0	122	60	1514.10022	80.69886390000102	80.69321529999797	0.0048734	0.0056486	0	-0.8	0.5	0.21579	0.52239	10.19191	71	3.96	77	-0.8	0.5	0.49768	0.48098	11.93195	71	3.81	77	0.0	0	0.0	0	0.0	0	0.0	0
1	1	0	123	60	1514.11658	80.71382129999984	80.70955170000161	0.0049306	0.0042696	0	-0.8	0.5	0.21499	0.52159	9.99245	71	3.52	77	-0.8	0.5	0.49782	0.48163	11.99472	71	4.09	77	0.0	0	0.0	0	0.0	0	0.0	0
1	1	0	124	60	1514.13306	80.72880609999993	80.72600030000103	0.0047219	0.0028058	0	-0.8	0.5	0.21585	0.52096	9.85604	71	3.69	77	-0.8	0.5	0.49888	0.48074	11.76341	71	3.75	77	0.0	0	0.0	0	0.0	0	0.0	0
1	1	0	125	60	1514.14941	80.74976120000065	80.7423583000018	0.0049449	0.0074029	0	-0.8	0.5	0.2168	0.52072	9.57204	71	3.63	77	-0.8	0.5	0.49937	0.48054	12.11846	71	3.74	77	0.0	0	0.0	0	0.0	0	0.0	0
1	1	0	126	60	1514.16602	80.76468300000124	80.75898300000335	0.0049462	0.0057	0	-0.8	0.5	0.21707	0.52113	9.39502	71	4.05	77	-0.8	0.5	0.49977	0.48091	11.84124	71	3.88	77	0.0	0	0.0	0	0.0	0	0.0	0
1	1	0	127	60	1514.18237	80.78071429999909	80.77537809999922	0.0050358	0.0053362	0	-0.8	0.5	0.2174	0.52077	9.65439	71	3.22	77	-0.8	0.5	0.50088	0.48132	11.79525	71	3.83	77	0.0	0	0.0	0	0.0	0	0.0	0
1	1	0	128	60	1514.19873	80.80058640000061	80.7917316000021	0.0049853	0.0088548	0	-0.8	0.5	0.21861	0.52166	9.56624	71	3.58	77	-0.8	0.5	0.50133	0.48192	11.63322	71	3.76	77	0.0	0	0.0	0	0.0	0	0.0	0
1	1	0	129	60	1514.21533	80.81557890000113	80.8082635000028	0.0050191	0.0073154	0	-0.8	0.5	0.21909	0.52204	9.85187	71	3.8	77	-0.8	0.5	0.50163	0.48307	11.89414	71	3.82	77	0.0	0	0.0	0	0.0	0	0.0	0
1	1	0	130	60	1514.23169	80.83050609999918	80.8246169999984	0.0049152	0.0058891	0	-0.8	0.5	0.2194	0.52256	9.57135	71	3.77	77	-0.8	0.5	0.50224	0.48337	11.57186	71	3.74	77	0.0	0	0.0	0	0.0	0	0.0	0
1	1	0	131	60	1514.24805	80.84546870000122	80.84105170000112	0.004957	0.004417	0	-0.8	0.5	0.21965	0.52248	9.29707	71	3.97	77	-0.8	0.5	0.50236	0.48383	11.41435	71	3.93	77	0.0	0	0.0	0	0.0	0	0.0	0
1	1	0	132	60	1514.26453	80.86544449999928	80.85747510000147	0.0049952	0.0079694	0	-0.8	0.5	0.2197	0.52269	9.52304	71	3.99	77	-0.8	0.5	0.50264	0.48367	11.94967	71	4.01	77	0.0	0	0.0	0	0.0	0	0.0	0
1	1	0	133	60	1514.28088	80.8803724999998	80.8738654000008	0.0049455	0.0065071	0	-0.8	0.5	0.21972	0.52351	9.45375	71	4.04	77	-0.8	0.5	0.50253	0.4844	11.3238	71	3.83	77	0.0	0	0.0	0	0.0	0	0.0	0
1	1	0	134	60	1514.29736	80.8953333999998	80.89031180000165	0.0049701	0.0050216	0	-0.8	0.5	0.21917	0.52287	9.59976	71	3.85	77	-0.8	0.5	0.50225	0.48342	11.57201	71	3.93	77	0.0	0	0.0	0	0.0	0	0.0	0
1	1	0	135	60	1514.31384	80.91029720000006	80.90681869999753	0.0049455	0.0034785	0	-0.8	0.5	0.21929	0.5225	9.46103	71	3.85	77	-0.8	0.5	0.50218	0.48345	11.84044	71	3.89	77	0.0	0	0.0	0	0.0	0	0.0	0
1	1	0	136	60	1514.3302	80.93023390000235	80.92313670000294	0.0049798	0.0070972	0	-0.8	0.5	0.21916	0.52306	9.53487	71	3.79	77	-0.8	0.5	0.50204	0.48354	11.42753	71	3.73	77	0.0	0	0.0	0	0.0	0	0.0	0
1	1	0	137	60	1514.34668	80.94524900000033	80.93961260000287	0.0049923	0.0056364	0	-0.8	0.5	0.21872	0.52278	9.90665	71	4.06	77	-0.8	0.5	0.50165	0.48327	11.71383	71	3.78	77	0.0	0	0.0	0	0.0	0	0.0	0
1	1	0	138	60	1514.36304	80.96514580000076	80.95602730000246	0.0049156	0.0091185	0	-0.8	0.5	0.21837	0.52244	9.34488	71	4.02	77	-0.8	0.5	0.50155	0.48308	11.79989	71	3.67	77	0.0	0	0.0	0	0.0	0	0.0	0
1	1	0	139	60	1514.37952	80.9801389000022	80.97244240000146	0.0049468	0.0076965	0	-0.8	0.5	0.21787	0.52213	9.49754	71	3.97	77	-0.8	0.5	0.50069	0.48237	11.96823	71	3.62	77	0.0	0	0.0	0	0.0	0	0.0	2
1	1	0	140	60	1514.39587	80.99506910000127	80.98885070000324	0.0049606	0.0062184	0	-0.8	0.5	0.21739	0.5225	10.11387	71	3.9	77	-0.8	0.5	0.50035	0.48262	11.81705	71	3.76	77	0.0	0	0.0	0	0.0	0	0.0	0
1	1	0	141	60	1514.41235	81.01006649999908	81.005270499998	0.0050557	0.004796	0	-0.8	0.5	0.21723	0.52209	10.08354	71	4.16	77	-0.8	0.5	0.50036	0.48251	11.77175	71	3.74	77	0.0	0	0.0	0	0.0	0	0.0	0
1	1	0	142	60	1514.42883	81.02996899999926	81.0218191999993	0.0049335	0.0081498	0	-0.8	0.5	0.21655	0.52186	10.20349	71	3.58	77	-0.8	0.5	0.49964	0.48243	12.06445	71	3.77	77	0.0	0	0.0	0	0.0	0	0.0	0
1	1	0	143	60	1514.44507	81.04033720000007	81.03810239999802	0.0053817	0.0022348	0	-0.8	0.5	0.21787	0.51981	9.92888	71	4.26	77	-0.8	0.5	0.50032	0.47993	12.10536	71	3.8	77	0.0	0	0.0	0	0.0	0	0.0	0
1	1	0	144	60	1514.46155	81.05991419999918	81.05453299999863	0.0049879	0.0053812	0	-0.8	0.5	0.21651	0.5174	9.22121	71	3.1	77	-0.8	0.5	0.50028	0.47858	11.8807	71	3.82	77	0.0	0	0.0	0	0.0	0	0.0	0
1	1	0	145	60	1514.47803	81.07486770000105	81.07096160000219	0.0050198	0.0039061	0	-0.8	0.5	0.21651	0.5174	9.22121	71	3.1	77	-0.8	0.5	0.50067	0.47415	12.30873	71	3.99	77	0.0	0	0.0	0	0.0	0	0.0	20
1	1	0	146	60	1514.49451	81.09481539999979	81.08751699999993	0.0049867	0.0072984	0	-0.8	0.5	0.21651	0.5174	9.22121	71	3.1	77	-0.8	0.5	0.50093	0.47328	11.96569	71	4.23	77	0.0	0	0.0	0	0.0	0	0.0	20
1	1	0	147	60	1514.51086	81.10976040000241	81.10389250000298	0.0049079	0.0058679	0	-0.8	0.5	0.21651	0.5174	9.22121	71	3.1	77	-0.8	0.5	0.50087	0.47315	11.83986	71	4.17	77	0.0	0	0.0	0	0.0	0	0.0	20
1	1	0	148	60	1514.52734	81.12472179999895	81.12033809999775	0.0049945	0.0043837	0	-0.8	0.5	0.21651	0.5174	9.22121	71	3.1	77	-0.8	0.5	0.50136	0.47315	11.73076	71	4.67	77	0.0	0	0.0	0	0.0	0	0.0	20
1	1	0	149	60	1514.54382	81.14473590000125	81.13682189999963	0.0050265	0.007914	0	-0.8	0.5	0.21651	0.5174	9.22121	71	3.1	77	-0.8	0.5	0.50166	0.4742	12.50257	71	4.58	77	0.0	0	0.0	0	0.0	0	0.0	20
1	1	0	150	60	1514.56018	81.15966540000227	81.15320170000268	0.0049482	0.0064637	0	-0.8	0.5	0.21651	0.5174	9.22121	71	3.1	77	-0.8	0.5	0.5017	0.47443	12.46635	71	4.47	77	0.0	0	0.0	0	0.0	0	0.0	20
1	1	0	151	60	1514.57666	81.17457500000091	81.16962449999846	0.0049248	0.0049505	0	-0.8	0.5	0.21651	0.5174	9.22121	71	3.1	77	-0.8	0.5	0.50226	0.47347	12.57201	71	4.25	77	0.0	0	0.0	0	0.0	0	0.0	20
1	1	0	152	60	1514.59314	81.18954780000058	81.18607020000127	0.0049818	0.0034776	0	-0.8	0.5	0.21651	0.5174	9.22121	71	3.1	77	-0.8	0.5	0.50261	0.47343	13.08143	71	4.15	77	0.0	0	0.0	0	0.0	0	0.0	20
1	1	0	153	60	1514.6095	81.20948200000203	81.2025025000039	0.0049875	0.0069795	0	-0.8	0.5	0.21651	0.5174	9.22121	71	3.1	77	-0.8	0.5	0.5029	0.47411	12.56943	71	4.51	77	0.0	0	0.0	0	0.0	0	0.0	20
1	1	0	154	60	1514.62585	81.22446259999924	81.21878049999941	0.0049877	0.0056821	0	-0.8	0.5	0.21651	0.5174	9.22121	71	3.1	77	-0.8	0.5	0.50861	0.47123	12.61931	71	4.22	77	0.0	0	0.0	0	0.0	0	0.0	20
1	1	0	155	60	1514.64233	81.23941270000068	81.23534720000316	0.0049514	0.0040655	0	-0.8	0.5	0.23119	0.51184	11.72764	71	4.89	77	-0.8	0.5	0.51212	0.4719	12.48207	71	4.91	77	0.0	0	0.0	0	0.0	0	0.0	0
1	1	0	156	60	1514.65881	81.25443979999909	81.25173639999775	0.0050151	0.0027034	0	-0.8	0.5	0.23192	0.51123	11.74785	71	5.31	77	-0.8	0.5	0.51239	0.4703	12.21409	71	4.85	77	0.0	0	0.0	0	0.0	0	0.0	0
1	1	0	157	60	1514.67517	81.27432430000044	81.26818700000149	0.0049532	0.0061373	0	-0.8	0.5	0.2331	0.5121	12.684	71	4.82	77	-0.8	0.5	0.51412	0.47079	12.4579	71	4.75	77	0.0	0	0.0	0	0.0	0	0.0	0
1	1	0	158	60	1514.69165	81.28930369999944	81.28466330000083	0.0050032	0.0046404	0	-0.8	0.5	0.23322	0.51146	12.48644	71	5.02	77	-0.8	0.5	0.51459	0.47032	12.90012	71	4.4	77	0.0	0	0.0	0	0.0	0	0.0	0
1	1	0	159	60	1514.70813	81.3092596000024	81.30106810000143	0.0049915	0.0081915	0	-0.8	0.5	0.23415	0.50898	11.79481	71	4.01	77	-0.8	0.5	0.51482	0.47066	12.33041	71	4.81	77	0.0	0	0.0	0	0.0	0	0.0	0
1	1	0	160	60	1514.72449	81.31923950000055	81.31750380000085	0.0049884	0.0017357	0	-0.8	0.5	0.23294	0.51146	12.23511	71	4.87	77	-0.8	0.5	0.51491	0.47042	12.48701	71	4.5	77	0.0	0	0.0	0	0.0	0	0.0	0
1	1	0	161	60	1514.74084	81.33920360000047	81.33387080000102	0.0050023	0.0053328	0	-0.8	0.5	0.23368	0.51187	11.38532	71	5.21	77	-0.8	0.5	0.51509	0.47005	12.30045	71	4.57	77	0.0	0	0.0	0	0.0	0	0.0	0
1	1	0	162	60	1514.75732	81.35413410000183	81.35031940000044	0.005012	0.0038147	0	-0.8	0.5	0.2335	0.51209	11.42642	71	5.28	77	-0.8	0.5	0.51519	0.46961	12.36809	71	4.42	77	0.0	0	0.0	0	0.0	0	0.0	0
1	1	0	163	60	1514.7738	81.3700671000006	81.36678659999961	0.0049565	0.0032805	0	-0.8	0.5	0.23549	0.51179	12.00991	71	5.72	77	-0.8	0.5	0.51745	0.47067	12.55663	71	4.8	77	0.0	0	0.0	0	0.0	0	0.0	0
1	1	0	164	60	1514.79016	81.38507500000196	81.3831917000025	0.0050063	0.0018833	0	-0.8	0.5	0.23724	0.51278	11.91314	71	5.3	77	-0.8	0.5	0.5192	0.47182	11.41664	71	5.4	77	0.0	0	0.0	0	0.0	0	0.0	0
1	1	0	165	60	1514.80676	81.40499859999909	81.39971080000032	0.0050074	0.0052878	0	-0.8	0.5	0.23761	0.51317	11.89559	71	5.04	77	-0.8	0.5	0.5196	0.47186	11.73844	71	5.51	77	0.0	0	0.0	0	0.0	0	0.0	0
1	1	0	166	60	1514.82312	81.42509989999962	81.41611819999889	0.0050833	0.0089817	0	-0.8	0.5	0.23836	0.5104	11.69675	71	3.79	77	-0.8	0.5	0.51969	0.47183	12.34232	71	5.03	77	0.0	0	0.0	0	0.0	0	0.0	0
1	1	0	167	60	1514.83948	81.43990900000063	81.43246820000059	0.0049535	0.0074408	0	-0.8	0.5	0.23803	0.51354	12.51755	71	5.2	77	-0.8	0.5	0.52035	0.47154	12.32888	71	5.01	77	0.0	0	0.0	0	0.0	0	0.0	0
1	1	0	168	60	1514.85596	81.45487610000055	81.44888849999916	0.0049541	0.0059876	0	-0.8	0.5	0.23801	0.51366	12.66928	71	5.16	77	-0.8	0.5	0.52032	0.47129	12.36752	71	4.84	77	0.0	0	0.0	0	0.0	0	0.0	0
1	1	0	169	60	1514.87244	81.46979740000097	81.46537460000036	0.0048978	0.0044228	0	-0.8	0.5	0.23868	0.51476	12.36107	71	5.19	77	-0.8	0.5	0.52057	0.47172	11.98924	71	4.98	77	0.0	0	0.0	0	0.0	0	0.0	0
1	1	0	170	60	1514.88879	81.48972710000089	81.48173860000315	0.0049868	0.0079885	0	-0.8	0.5	0.23981	0.5103	11.66486	71	3.84	77	-0.8	0.5	0.52171	0.47152	12.28165	71	5.41	77	0.0	0	0.0	0	0.0	0	0.0	0
1	1	0	171	60	1514.90527	81.50470760000098	81.49820270000055	0.0049858	0.0065049	0	-0.8	0.5	0.23943	0.51393	12.39558	71	5.23	77	-0.8	0.5	0.52188	0.47092	12.40387	71	4.67	77	0.0	0	0.0	0	0.0	0	0.0	0
1	1	0	172	60	1514.92163	81.51966309999989	81.51459199999954	0.0049364	0.0050711	0	-0.8	0.5	0.24102	0.5104	11.69675	71	3.78	77	-0.8	0.5	0.52304	0.47249	12.28227	71	5.0	77	0.0	0	0.0	0	0.0	0	0.0	0
1	1	0	173	60	1514.93811	81.53463570000167	81.53114600000117	0.0049631	0.0034897	0	-0.8	0.5	0.24174	0.5103	11.73687	71	3.81	77	-0.8	0.5	0.52368	0.47332	11.7015	71	5.33	77	0.0	0	0.0	0	0.0	0	0.0	0
1	1	0	174	60	1514.95447	81.55456110000159	81.54749880000236	0.0049725	0.0070623	0	-0.8	0.5	0.24142	0.51366	12.12002	71	4.95	77	-0.8	0.5	0.52406	0.47184	12.30646	71	4.64	77	0.0	0	0.0	0	0.0	0	0.0	0
1	1	0	175	60	1514.97095	81.56952100000126	81.56391920000169	0.0049857	0.0056018	0	-0.8	0.5	0.24287	0.50986	11.63824	71	3.77	77	-0.8	0.5	0.52492	0.4733	12.63157	71	4.92	77	0.0	0	0.0	0	0.0	0	0.0	0
1	1	0	176	60	1514.9873	81.58947590000025	81.58032689999891	0.0049942	0.009149	0	-0.8	0.5	0.24336	0.50975	11.86474	71	3.86	77	-0.8	0.5	0.52565	0.47415	12.64558	71	5.25	77	0.0	0	0.0	0	0.0	0	0.0	0
1	1	0	177	60	1515.00378	81.60443970000051	81.59670480000204	0.0049728	0.0077349	0	-0.8	0.5	0.24379	0.51007	11.80703	71	3.92	77	-0.8	0.5	0.52535	0.47261	12.5563	71	4.75	77	0.0	0	0.0	0	0.0	0	0.0	0
1	1	0	178	60	1515.02014	81.6193889999995	81.61310139999841	0.0049205	0.0062876	0	-0.8	0.5	0.24408	0.50965	11.90182	71	3.78	77	-0.8	0.5	0.52608	0.47284	12.71087	71	4.76	77	0.0	0	0.0	0	0.0	0	0.0	0
1	1	0	179	60	1515.03662	81.63439500000095	81.6295377000024	0.0050034	0.0048573	0	-0.8	0.5	0.24434	0.50965	11.88792	71	3.93	77	-0.8	0.5	0.52683	0.47295	12.54141	71	5.01	77	0.0	0	0.0	0	0.0	0	0.0	0
1	1	0	180	60	1515.0531	81.64932029999909	81.64611469999727	0.0049599	0.0032056	0	-0.8	0.5	0.24401	0.5113	11.9276	71	5.01	77	-0.8	0.5	0.52688	0.473	12.62278	71	4.8	77	0.0	0	0.0	0	0.0	0	0.0	0
1	1	0	181	60	1515.06958	81.66927890000079	81.66253710000092	0.0049844	0.0067418	0	-0.8	0.5	0.24503	0.50865	11.51073	71	3.82	77	-0.8	0.5	0.52744	0.47288	12.30079	71	5.12	77	0.0	0	0.0	0	0.0	0	0.0	0
1	1	0	182	60	1515.08594	81.68422289999944	81.67889019999711	0.0049752	0.0053327	0	-0.8	0.5	0.24553	0.50893	11.70887	71	3.88	77	-0.8	0.5	0.52773	0.47316	12.2592	71	5.19	77	0.0	0	0.0	0	0.0	0	0.0	0
1	1	0	183	60	1515.10217	81.69918719999987	81.69519840000066	0.0049962	0.0039888	0	-0.8	0.5	0.24552	0.50897	11.663	71	3.88	77	-0.8	0.5	0.52765	0.47318	12.53347	71	5.07	77	0.0	0	0.0	0	0.0	0	0.0	0
1	1	0	184	60	1515.11865	81.71912670000165	81.71165900000051	0.0049819	0.0074677	0	-0.8	0.5	0.24586	0.50883	11.82527	71	3.95	77	-0.8	0.5	0.52846	0.4733	12.60138	71	5.07	77	0.0	0	0.0	0	0.0	0	0.0	0
1	1	0	185	60	1515.13513	81.73415060000116	81.728141100004	0.0049581	0.0060095	0	-0.8	0.5	0.24613	0.50867	11.47859	71	4.02	77	-0.8	0.5	0.52842	0.47322	12.46037	71	4.8	77	0.0	0	0.0	0	0.0	0	0.0	0
1	1	0	186	60	1515.15161	81.74910140000065	81.74461660000088	0.0049854	0.0044848	0	-0.8	0.5	0.24626	0.50864	11.39562	71	3.97	77	-0.8	0.5	0.52852	0.47358	12.56415	71	4.91	77	0.0	0	0.0	0	0.0	0	0.0	0
1	1	0	187	60	1515.16809	81.76899659999981	81.76105989999633	0.0048954	0.0079367	0	-0.8	0.5	0.24648	0.5087	11.29647	71	3.84	77	-0.8	0.5	0.52893	0.47301	12.29934	71	4.67	77	0.0	0	0.0	0	0.0	0	0.0	0
1	1	0	188	60	1515.18457	81.78402920000008	81.77752200000032	0.0050128	0.0065072	0	-0.8	0.5	0.24676	0.50842	11.7257	71	3.92	77	-0.8	0.5	0.52928	0.47275	12.96197	71	4.87	77	0.0	0	0.0	0	0.0	0	0.0	0
1	1	0	189	60	1515.20105	81.79893240000092	81.79398940000101	0.00494	0.004943	0	-0.8	0.5	0.24688	0.50877	12.12886	71	3.81	77	-0.8	0.5	0.52953	0.47254	13.31684	71	4.52	77	0.0	0	0.0	0	0.0	0	0.0	0
1	1	0	190	60	1515.21729	81.81390649999958	81.81030649999957	0.0050291	0.0036	0	-0.8	0.5	0.24789	0.50927	12.19603	71	4.99	77	-0.8	0.5	0.53117	0.47216	12.9339	71	4.58	77	0.0	0	0.0	0	0.0	0	0.0	0
1	1	0	191	60	1515.23364	81.8338227000022	81.82664930000465	0.0049023	0.0071734	0	-0.8	0.5	0.2491	0.50938	12.65273	71	4.59	77	-0.8	0.5	0.53331	0.47102	12.72976	71	4.1	77	0.0	0	0.0	0	0.0	0	0.0	0
1	1	0	192	60	1515.25024	81.84883289999925	81.84316119999858	0.004926	0.0056717	0	-0.8	0.5	0.24945	0.50927	11.96829	71	4.84	77	-0.8	0.5	0.53291	0.47302	12.83162	71	4.83	77	0.0	0	0.0	0	0.0	0	0.0	0
1	1	0	193	60	1515.26672	81.86377510000239	81.85968520000097	0.0050467	0.0040899	0	-0.8	0.5	0.25352	0.51081	12.18073	71	6.94	77	-0.8	0.5	0.53859	0.4708	12.56274	71	4.05	77	0.0	0	0.0	0	0.0	0	0.0	0
1	1	0	194	60	1515.28296	81.87875989999884	81.87589129999833	0.0050087	0.0028686	0	-0.8	0.5	0.25352	0.51081	12.18073	71	6.94	77	-0.8	0.5	0.53965	0.47098	12.73948	71	4.09	77	0.0	0	0.0	0	0.0	0	0.0	20
1	1	0	195	60	1515.29944	81.89865800000189	81.89244580000013	0.0048942	0.0062122	0	-0.8	0.5	0.25352	0.51081	12.18073	71	6.94	77	-0.8	0.5	0.53774	0.47605	13.12812	71	6.26	77	0.0	0	0.0	0	0.0	0	0.0	20
1	1	0	196	60	1515.31592	81.91360619999978	81.90884350000124	0.0047956	0.0047627	0	-0.8	0.5	0.25352	0.51081	12.18073	71	6.94	77	-0.8	0.5	0.54107	0.47579	12.67795	71	6.16	77	0.0	0	0.0	0	0.0	0	0.0	20
1	1	0	197	60	1515.3324	81.93363429999954	81.92535860000135	0.0050063	0.0082757	0	-0.8	0.5	0.25352	0.51081	12.18073	71	6.94	77	-0.8	0.5	0.54112	0.47467	12.22399	71	6.61	77	0.0	0	0.0	0	0.0	0	0.0	20
1	1	0	198	60	1515.34888	81.94851990000097	81.94179720000102	0.0048725	0.0067227	0	-0.8	0.5	0.25352	0.51081	12.18073	71	6.94	77	-0.8	0.5	0.5406	0.47521	12.71553	71	6.23	77	0.0	0	0.0	0	0.0	0	0.0	20
1	1	0	199	60	1515.36523	81.96347969999988	81.95826350000061	0.0049731	0.0052162	0	-0.8	0.5	0.25352	0.51081	12.18073	71	6.94	77	-0.8	0.5	0.54239	0.47534	13.18419	71	6.12	77	0.0	0	0.0	0	0.0	0	0.0	20
1	1	0	200	60	1515.38159	81.97847729999921	81.97458589999951	0.0049583	0.0038914	0	-0.8	0.5	0.25352	0.51081	12.18073	71	6.94	77	-0.8	0.5	0.5433	0.4741	12.08568	71	6.2	77	0.0	0	0.0	0	0.0	0	0.0	20
1	1	0	201	60	1515.39807	81.99842830000125	81.99104950000037	0.0049419	0.0073788	0	-0.8	0.5	0.25352	0.51081	12.18073	71	6.94	77	-0.8	0.5	0.54304	0.47532	12.34077	71	6.36	77	0.0	0	0.0	0	0.0	0	0.0	20
1	1	0	202	60	1515.41455	82.01334829999905	82.00748310000199	0.0049727	0.0058652	0	-0.8	0.5	0.25352	0.51081	12.18073	71	6.94	77	-0.8	0.5	0.54302	0.47571	12.62977	71	6.22	77	0.0	0	0.0	0	0.0	0	0.0	20
1	1	0	203	60	1515.43091	82.02830470000117	82.02389250000124	0.0049594	0.0044122	0	-0.8	0.5	0.25352	0.51081	12.18073	71	6.94	77	-0.8	0.5	0.54205	0.47458	13.00234	71	5.83	77	0.0	0	0.0	0	0.0	0	0.0	20
1	1	0	204	60	1515.44727	82.04332310000245	82.04023730000335	0.0050274	0.0030858	0	-0.8	0.5	0.25352	0.51081	12.18073	71	6.94	77	-0.8	0.5	0.54256	0.47336	12.31044	71	5.52	77	0.0	0	0.0	0	0.0	0	0.0	20
1	1	0	205	60	1515.46375	82.06325020000077	82.05676170000152	0.0049741	0.0064885	0	-0.8	0.5	0.25352	0.51081	12.18073	71	6.94	77	-0.8	0.5	0.54214	0.47405	12.46057	71	5.63	77	0.0	0	0.0	0	0.0	0	0.0	20
1	1	0	206	60	1515.48035	82.07814409999992	82.07325569999739	0.0049472	0.0048884	0	-0.8	0.5	0.25352	0.51081	12.18073	71	6.94	77	-0.8	0.5	0.54281	0.47391	12.22514	71	5.6	77	0.0	0	0.0	0	0.0	0	0.0	20
1	1	0	207	60	1515.4967	82.09414760000072	82.08969270000307	0.006005	0.0044549	0	-0.8	0.5	0.25785	0.5048	12.65469	71	4.89	77	-0.8	0.5	0.54222	0.47427	13.04278	71	5.83	77	0.0	0	0.0	0	0.0	0	0.0	0
1	1	0	208	60	1515.51306	82.10931609999898	82.10604079999757	0.0051493	0.0032753	0	-0.8	0.5	0.25698	0.5053	12.41218	71	5.27	77	-0.8	0.5	0.54215	0.47024	12.67264	71	4.06	77	0.0	0	0.0	0	0.0	0	0.0	0
1	1	0	214	60	1523.77661	90.37701770000058	90.36963310000283	0.004963	0.0073846	0	-0.8	0.5	0.23925	0.52272	12.87276	71	4.21	77	-0.8	0.5	0.52579	0.48932	14.48539	71	4.53	77	0.0	0	0.0	0	0.0	0	0.0	0
1	1	0	219	60	1523.79309	90.39298609999969	90.3860104000014	0.0049907	0.0069757	0	-0.8	0.5	0.23881	0.52333	12.78109	71	4.04	77	-0.8	0.5	0.52551	0.48971	14.55221	71	4.43	77	0.0	0	0.0	0	0.0	0	0.0	0
1	1	0	220	60	1523.80945	90.4079539000013	90.40238450000106	0.0049897	0.0055694	0	-0.8	0.5	0.23898	0.52399	12.99246	71	4.1	77	-0.8	0.5	0.52586	0.49024	14.75131	71	4.47	77	0.0	0	0.0	0	0.0	0	0.0	0
1	1	0	221	60	1523.82593	90.42293780000182	90.41890590000185	0.0050049	0.0040319	0	-0.8	0.5	0.23904	0.52399	13.04627	71	4.1	77	-0.8	0.5	0.52586	0.49024	14.75131	71	4.47	77	0.0	0	0.0	0	0.0	0	0.0	0
1	1	0	222	60	1523.84229	90.44280269999945	90.4352418999988	0.0048908	0.0075608	0	-0.8	0.5	0.23907	0.5246	12.65044	71	4.23	77	-0.8	0.5	0.52605	0.49101	14.39369	71	4.52	77	0.0	0	0.0	0	0.0	0	0.0	0
1	1	0	223	60	1523.85864	90.45378300000084	90.45166750000135	0.0059909	0.0021155	0	-0.8	0.5	0.23927	0.52439	12.84573	71	4.23	77	-0.8	0.5	0.52642	0.4909	14.57898	71	4.51	77	0.0	0	0.0	0	0.0	0	0.0	0
1	1	0	224	60	1523.87524	90.47374839999975	90.46816690000196	0.0050087	0.0055815	0	-0.8	0.5	0.23984	0.52399	13.30262	71	4.16	77	-0.8	0.5	0.5265	0.4907	14.64669	71	4.43	77	0.0	0	0.0	0	0.0	0	0.0	0
1	1	0	225	60	1523.89148	90.48871280000094	90.48449510000137	0.0050258	0.0042177	0	-0.8	0.5	0.24157	0.51784	13.59053	71	4.17	77	-0.8	0.5	0.52616	0.48416	15.15498	71	4.51	77	0.0	0	0.0	0	0.0	0	0.0	0
1	1	0	226	60	1523.90808	90.50862899999993	90.50101650000215	0.0049585	0.0076125	0	-0.8	0.5	0.24229	0.51597	13.47674	71	4.46	77	-0.8	0.5	0.5257	0.4818	14.88534	71	4.48	77	0.0	0	0.0	0	0.0	0	0.0	0
1	1	0	227	60	1523.92444	90.52358620000086	90.5174651999987	0.0048972	0.006121	0	-0.8	0.5	0.24248	0.51467	13.48776	71	4.47	77	-0.8	0.5	0.52552	0.48087	14.40375	71	4.64	77	0.0	0	0.0	0	0.0	0	0.0	0
1	1	0	228	60	1523.94092	90.53854630000205	90.5339109000015	0.0049386	0.0046354	0	-0.8	0.5	0.24254	0.51338	13.58611	71	4.08	77	-0.8	0.5	0.5262	0.47995	14.56708	71	4.51	77	0.0	0	0.0	0	0.0	0	0.0	0
1	1	0	229	60	1523.95752	90.55356369999936	90.55043559999831	0.0049737	0.0031281	0	-0.8	0.5	0.24251	0.51222	13.49586	71	4.08	77	-0.8	0.5	0.52642	0.47922	14.92807	71	4.56	77	0.0	0	0.0	0	0.0	0	0.0	0
1	1	0	231	60	1523.97375	90.57345350000105	90.5666999999994	0.0049587	0.0067535	0	-0.8	0.5	0.24246	0.51206	13.3148	71	4.16	77	-0.8	0.5	0.52605	0.47894	14.56512	71	4.64	77	0.0	0	0.0	0	0.0	0	0.0	0
1	1	0	232	60	1523.99036	90.58845289999954	90.58327680000002	0.0050078	0.0051761	0	-0.8	0.5	0.24237	0.5102	13.14925	71	4.01	77	-0.8	0.5	0.52634	0.47617	14.12831	71	4.6	77	0.0	0	0.0	0	0.0	0	0.0	0
1	1	0	233	60	1524.00659	90.60340740000174	90.59961349999867	0.0050195	0.0037939	0	-0.8	0.5	0.2421	0.50969	13.5532	71	4.1	77	-0.8	0.5	0.52601	0.47586	14.5026	71	4.6	77	0.0	0	0.0	0	0.0	0	0.0	0
1	1	0	234	60	1524.02307	90.61833359999946	90.61603370000012	0.0049684	0.0022999	0	-0.8	0.5	0.24197	0.50897	13.26762	71	4.16	77	-0.8	0.5	0.52573	0.47546	14.17558	71	4.64	77	0.0	0	0.0	0	0.0	0	0.0	0
1	1	0	235	60	1524.03943	90.63930540000001	90.63241810000181	0.0050125	0.0068873	0	-0.8	0.5	0.24118	0.50764	13.24073	71	4.01	77	-0.8	0.5	0.52472	0.4735	14.58736	71	4.54	77	0.0	0	0.0	0	0.0	0	0.0	0
1	1	0	236	60	1524.05591	90.65429059999951	90.64886539999861	0.0048572	0.0054252	0	-0.8	0.5	0.24065	0.50675	13.49949	71	4.22	77	-0.8	0.5	0.52401	0.47226	14.67184	71	4.64	77	0.0	0	0.0	0	0.0	0	0.0	0
1	1	0	237	60	1524.07239	90.66932319999978	90.6653656999988	0.0050648	0.0039575	0	-0.8	0.5	0.24028	0.50584	12.84238	71	4.14	77	-0.8	0.5	0.52386	0.47188	14.68197	71	4.59	77	0.0	0	0.0	0	0.0	0	0.0	0
1	1	0	238	60	1524.08875	90.68414340000163	90.6817669000011	0.004942	0.0023765	0	-0.8	0.5	0.23921	0.50618	13.51516	71	4.23	77	-0.8	0.5	0.52228	0.47066	14.63269	71	4.64	77	0.0	0	0.0	0	0.0	0	0.0	0
1	1	0	239	60	1524.10522	90.70410170000105	90.69819180000195	0.0049266	0.0059099	0	-0.8	0.5	0.23854	0.5065	13.06531	71	4.19	77	-0.8	0.5	0.52156	0.47047	14.47829	71	4.66	77	0.0	0	0.0	0	0.0	0	0.0	0
1	1	0	240	60	1524.12158	90.71908360000089	90.71460559999832	0.0050175	0.004478	0	-0.8	0.5	0.23827	0.50575	13.02004	71	4.07	77	-0.8	0.5	0.52142	0.46995	14.0766	71	4.52	77	0.0	0	0.0	0	0.0	0	0.0	0
1	1	0	241	60	1524.13806	90.73504049999974	90.73100899999918	0.0059649	0.0040315	0	-0.8	0.5	0.23691	0.50692	13.39432	71	4.28	77	-0.8	0.5	0.51985	0.46976	13.58991	71	4.52	77	0.0	0	0.0	0	0.0	0	0.0	0
1	1	0	242	60	1524.15442	90.75000179999915	90.74740700000257	0.0050158	0.0025948	0	-0.8	0.5	0.23383	0.50702	12.7365	71	4.31	77	-0.8	0.5	0.51585	0.47171	14.00331	71	4.47	77	0.0	0	0.0	0	0.0	0	0.0	0
1	1	0	243	60	1524.17078	90.76995800000077	90.76370540000062	0.0049711	0.0062526	0	-0.8	0.5	0.23283	0.50467	11.52472	71	3.99	77	-0.8	0.5	0.5156	0.47147	14.29404	71	4.27	77	0.0	0	0.0	0	0.0	0	0.0	0
1	1	0	244	60	1524.18726	90.78496359999917	90.78028170000107	0.0050575	0.0046819	0	-0.8	0.5	0.23041	0.50766	11.62497	71	4.73	77	-0.8	0.5	0.51024	0.47433	13.5485	71	4.46	77	0.0	0	0.0	0	0.0	0	0.0	0
1	1	0	245	60	1524.20374	90.8048944000002	90.79674130000058	0.0049726	0.0081531	0	-0.8	0.5	0.23008	0.50858	11.68731	71	5.55	77	-0.8	0.5	0.50979	0.47411	13.47361	71	4.56	77	0.0	0	0.0	0	0.0	0	0.0	0
1	1	0	246	60	1524.22009	90.81986849999885	90.81311579999965	0.005045	0.0067527	0	-0.8	0.5	0.22949	0.50748	12.11837	71	4.2	77	-0.8	0.5	0.51005	0.47328	13.92585	71	4.2	77	0.0	0	0.0	0	0.0	0	0.0	0
1	1	0	247	60	1524.23657	90.83978370000114	90.82956530000229	0.0050112	0.0102184	0	-0.8	0.5	0.22959	0.50744	11.59675	71	4.24	77	-0.8	0.5	0.50957	0.47208	12.45675	71	4.25	77	0.0	0	0.0	0	0.0	0	0.0	2
1	1	0	248	60	1524.25305	90.85477829999945	90.84608759999901	0.0050438	0.0086907	0	-0.8	0.5	0.22981	0.51027	11.47268	71	5.08	77	-0.8	0.5	0.5096	0.47318	12.80047	71	4.19	77	0.0	0	0.0	0	0.0	0	0.0	0
1	1	0	249	60	1524.26953	90.86967659999937	90.86246579999715	0.0049726	0.0072108	0	-0.8	0.5	0.22983	0.51054	11.48875	71	5.18	77	-0.8	0.5	0.50961	0.47365	13.4334	71	4.07	77	0.0	0	0.0	0	0.0	0	0.0	0
1	1	0	250	60	1524.28589	90.88462459999937	90.87884540000232	0.0049714	0.0057792	0	-0.8	0.5	0.22915	0.51016	10.7719	71	5.48	77	-0.8	0.5	0.50879	0.47383	12.3813	71	4.3	77	0.0	0	0.0	0	0.0	0	0.0	0
1	1	0	251	60	1524.30237	90.90057520000119	90.8952758000014	0.0059223	0.0052994	0	-0.8	0.5	0.22738	0.51055	11.14789	71	6.48	77	-0.8	0.5	0.50576	0.47555	11.82353	71	4.19	77	0.0	0	0.0	0	0.0	0	0.0	0
1	1	0	252	60	1524.31885	90.92058069999985	90.91178899999795	0.0049681	0.0087917	0	-0.8	0.5	0.22795	0.51191	11.03185	71	5.94	77	-0.8	0.5	0.50578	0.47554	12.46731	71	3.97	77	0.0	0	0.0	0	0.0	0	0.0	0
1	1	0	253	60	1524.33521	90.93550840000171	90.92819080000118	0.0049644	0.0073176	0	-0.8	0.5	0.22416	0.50595	10.60452	71	3.48	77	-0.8	0.5	0.50486	0.4757	12.2285	71	3.85	77	0.0	0	0.0	0	0.0	0	0.0	0
1	1	0	254	60	1524.35156	90.9505100000024	90.94451310000295	0.0049445	0.0059969	0	-0.8	0.5	0.22667	0.51095	11.45045	71	6.19	77	-0.8	0.5	0.50497	0.47563	11.9517	71	4.17	77	0.0	0	0.0	0	0.0	0	0.0	0
1	1	0	255	60	1524.36804	90.96541900000011	90.96098699999857	0.0049736	0.004432	0	-0.8	0.5	0.22592	0.51057	11.15127	71	6.31	77	-0.8	0.5	0.50513	0.47589	12.03185	71	4.22	77	0.0	0	0.0	0	0.0	0	0.0	0
1	1	0	256	60	1524.38452	90.98539130000063	90.97751169999901	0.0049968	0.0078796	0	-0.8	0.5	0.22341	0.50606	10.30377	71	3.56	77	-0.8	0.5	0.504	0.47519	11.46412	71	3.66	77	0.0	0	0.0	0	0.0	0	0.0	2
1	1	0	257	60	1524.40088	91.00127989999964	90.99390879999919	0.0058528	0.0073711	0	-0.8	0.5	0.22341	0.50606	10.30377	71	3.56	77	-0.8	0.5	0.50386	0.47502	11.71119	71	3.69	77	0.0	0	0.0	0	0.0	0	0.0	2
1	1	0	258	60	1524.41724	91.01625550000244	91.01021970000147	0.0048842	0.0060358	0	-0.8	0.5	0.22602	0.5107	10.54778	71	5.86	77	-0.8	0.5	0.50382	0.47499	11.63316	71	3.73	77	0.0	0	0.0	0	0.0	0	0.0	2
1	1	0	259	60	1524.43359	91.03128519999882	91.02662689999852	0.005044	0.0046583	0	-0.8	0.5	0.22316	0.50621	10.13064	71	3.46	77	-0.8	0.5	0.50398	0.47513	11.60682	71	3.69	77	0.0	0	0.0	0	0.0	0	0.0	2
1	1	0	260	60	1524.45007	91.05125390000103	91.0430884999987	0.0050269	0.0081654	0	-0.8	0.5	0.22651	0.51137	10.64779	71	5.9	77	-0.8	0.5	0.50384	0.47539	11.62708	71	3.7	77	0.0	0	0.0	0	0.0	0	0.0	2
1	1	0	261	60	1524.46655	91.06714270000157	91.05956520000473	0.0059335	0.0075775	0	-0.8	0.5	0.22313	0.50653	9.86522	71	3.39	77	-0.8	0.5	0.50441	0.47611	12.04152	71	3.96	77	0.0	0	0.0	0	0.0	0	0.0	2
1	1	0	262	60	1524.48291	91.08206710000013	91.07590760000312	0.0049551	0.0061595	0	-0.8	0.5	0.22177	0.50364	9.86707	71	3.21	77	-0.8	0.5	0.50271	0.4754	12.31069	71	4.71	77	0.0	0	0.0	0	0.0	0	0.0	0
1	1	0	263	60	1524.49951	91.09706720000031	91.09248659999867	0.0050043	0.0045806	0	-0.8	0.5	0.22196	0.50334	9.80063	71	3.42	77	-0.8	0.5	0.5026	0.47508	12.27991	71	4.59	77	0.0	0	0.0	0	0.0	0	0.0	0
1	1	0	264	60	1524.51587	91.11705459999939	91.10882480000146	0.0050442	0.0082298	0	-0.8	0.5	0.22197	0.50328	9.78858	71	3.42	77	-0.8	0.5	0.50139	0.47463	11.25113	71	5.01	77	0.0	0	0.0	0	0.0	0	0.0	0
1	1	0	265	60	1524.53223	91.13196400000015	91.12519799999791	0.0049405	0.006766	0	-0.8	0.5	0.22186	0.50352	9.83272	71	3.28	77	-0.8	0.5	0.50136	0.47445	11.30114	71	4.92	77	0.0	0	0.0	0	0.0	0	0.0	0
1	1	0	266	60	1524.54871	91.14692429999923	91.14166320000004	0.0049408	0.0052611	0	-0.8	0.5	0.22168	0.50343	9.92964	71	3.34	77	-0.8	0.5	0.5014	0.47358	11.79143	71	4.56	77	0.0	0	0.0	0	0.0	0	0.0	0
1	1	0	267	60	1524.56506	91.16194059999907	91.15809099999751	0.0049814	0.0038496	0	-0.8	0.5	0.22179	0.50332	9.86282	71	3.48	77	-0.8	0.5	0.50145	0.47398	11.79798	71	4.61	77	0.0	0	0.0	0	0.0	0	0.0	0
1	1	0	268	60	1524.58154	91.18189340000026	91.17451249999795	0.0050146	0.0073809	0	-0.8	0.5	0.22159	0.50371	9.75252	71	3.34	77	-0.8	0.5	0.50107	0.47255	11.24623	71	3.68	77	0.0	0	0.0	0	0.0	0	0.0	0
1	1	0	269	60	1524.59802	91.19778790000055	91.19098960000338	0.0059028	0.0067983	0	-0.8	0.5	0.22202	0.50327	9.85623	71	3.38	77	-0.8	0.5	0.50239	0.47359	11.60131	71	4.55	77	0.0	0	0.0	0	0.0	0	0.0	0
1	1	0	270	60	1524.6145	91.2128174999998	91.20751340000061	0.0050487	0.0053041	0	-0.8	0.5	0.22202	0.50327	9.85623	71	3.38	77	-0.8	0.5	0.50214	0.47387	11.7117	71	4.7	77	0.0	0	0.0	0	0.0	0	0.0	0
1	1	0	271	60	1524.63086	91.22770350000064	91.223838599999	0.0049601	0.0038649	0	-0.8	0.5	0.22264	0.50357	9.70042	71	3.35	77	-0.8	0.5	0.5031	0.47336	12.10863	71	4.23	77	0.0	0	0.0	0	0.0	0	0.0	0
1	1	0	272	60	1524.64734	91.2486499000006	91.24028190000172	0.0049776	0.008368	0	-0.8	0.5	0.22942	0.50977	10.68239	71	6.03	77	-0.8	0.5	0.5088	0.47082	11.51263	71	4.35	77	0.0	0	0.0	0	0.0	0	0.0	0
1	1	0	273	60	1524.6637	91.26362979999976	91.25671190000139	0.0049911	0.0069179	0	-0.8	0.5	0.22942	0.50977	10.68239	71	6.03	77	-0.8	0.5	0.50969	0.47279	11.14703	71	4.5	77	0.0	0	0.0	0	0.0	0	0.0	20
1	1	0	274	60	1524.68005	91.27857070000027	91.2730659000008	0.0049909	0.0055048	0	-0.8	0.5	0.22942	0.50977	10.68239	71	6.03	77	-0.8	0.5	0.52148	0.469	11.37008	71	3.6	77	0.0	0	0.0	0	0.0	0	0.0	20
1	1	0	275	60	1524.69653	91.29353470000206	91.28956140000446	0.0049541	0.0039733	0	-0.8	0.5	0.22942	0.50977	10.68239	71	6.03	77	-0.8	0.5	0.52565	0.4702	10.76212	71	4.1	77	0.0	0	0.0	0	0.0	0	0.0	20
1	1	0	276	60	1524.71301	91.30849130000206	91.30602100000033	0.0049908	0.0024703	0	-0.8	0.5	0.22942	0.50977	10.68239	71	6.03	77	-0.8	0.5	0.52625	0.4681	10.89268	71	3.56	77	0.0	0	0.0	0	0.0	0	0.0	20
1	1	0	277	60	1524.72949	91.32946900000024	91.32244079999873	0.004986	0.0070282	0	-0.8	0.5	0.22942	0.50977	10.68239	71	6.03	77	-0.8	0.5	0.52837	0.4703	11.52897	71	4.02	77	0.0	0	0.0	0	0.0	0	0.0	20
1	1	0	278	60	1524.74585	91.34443090000059	91.33877080000093	0.0049893	0.0056601	0	-0.8	0.5	0.22942	0.50977	10.68239	71	6.03	77	-0.8	0.5	0.52893	0.4712	11.69206	71	4.17	77	0.0	0	0.0	0	0.0	0	0.0	20
1	1	0	279	60	1524.76221	91.36044920000131	91.35517080000136	0.0050622	0.0052784	0	-0.8	0.5	0.22942	0.50977	10.68239	71	6.03	77	-0.8	0.5	0.52917	0.47082	11.5573	71	4.0	77	0.0	0	0.0	0	0.0	0	0.0	20
1	1	0	280	60	1524.77881	91.37530870000046	91.37177979999979	0.0049378	0.0035289	0	-0.8	0.5	0.22942	0.50977	10.68239	71	6.03	77	-0.8	0.5	0.53001	0.471	11.33744	71	4.23	77	0.0	0	0.0	0	0.0	0	0.0	20
1	1	0	281	60	1524.79529	91.39527620000081	91.38820810000107	0.0049698	0.0070681	0	-0.8	0.5	0.22942	0.50977	10.68239	71	6.03	77	-0.8	0.5	0.53065	0.47177	11.43468	71	4.15	77	0.0	0	0.0	0	0.0	0	0.0	20
1	1	0	282	60	1524.81165	91.41021700000056	91.40459069999997	0.0049857	0.0056263	0	-0.8	0.5	0.22942	0.50977	10.68239	71	6.03	77	-0.8	0.5	0.53067	0.47141	11.41542	71	4.04	77	0.0	0	0.0	0	0.0	0	0.0	20
1	1	0	283	60	1524.828	91.42517480000242	91.42096480000328	0.0049879	0.00421	0	-0.8	0.5	0.25109	0.50886	11.2244	71	4.43	77	-0.8	0.5	0.53142	0.47009	11.70875	71	3.75	77	0.0	0	0.0	0	0.0	0	0.0	2
1	1	0	284	60	1524.84448	91.4451810999999	91.43751199999679	0.0050001	0.0076691	0	-0.8	0.5	0.25117	0.50777	11.30527	71	4.69	77	-0.8	0.5	0.53174	0.47066	12.02777	71	3.67	77	0.0	0	0.0	0	0.0	0	0.0	0
1	1	0	285	60	1524.86084	91.46108010000171	91.4538644000022	0.0049199	0.0072157	0	-0.8	0.5	0.25115	0.50773	11.30584	71	4.74	77	-0.8	0.5	0.53168	0.47162	11.86825	71	4.11	77	0.0	0	0.0	0	0.0	0	0.0	0
1	1	0	286	60	1524.87732	91.47607390000121	91.47023709999849	0.0049397	0.0058368	0	-0.8	0.5	0.25128	0.50837	11.15943	71	4.46	77	-0.8	0.5	0.53205	0.47107	11.6471	71	4.04	77	0.0	0	0.0	0	0.0	0	0.0	2
1	1	0	287	60	1524.89368	91.49100190000172	91.48662260000128	0.0049841	0.0043793	0	-0.8	0.5	0.25115	0.5078	11.43771	71	4.38	77	-0.8	0.5	0.53205	0.47067	11.88042	71	4.01	77	0.0	0	0.0	0	0.0	0	0.0	0
1	1	0	288	60	1524.91003	91.51091359999918	91.50306629999977	0.0049472	0.0078473	0	-0.8	0.5	0.25117	0.50774	11.44044	71	4.54	77	-0.8	0.5	0.53203	0.47036	11.95969	71	3.92	77	0.0	0	0.0	0	0.0	0	0.0	0
1	1	0	289	60	1524.92651	91.52592730000106	91.51950480000232	0.0050292	0.0064225	0	-0.8	0.5	0.24968	0.50777	11.48913	71	4.66	77	-0.8	0.5	0.53097	0.47019	11.8517	71	4.0	77	0.0	0	0.0	0	0.0	0	0.0	0
1	1	0	290	60	1524.94299	91.5408935000014	91.53592700000445	0.0049668	0.0049665	0	-0.8	0.5	0.24989	0.50681	11.40635	71	4.86	77	-0.8	0.5	0.53097	0.46991	11.98048	71	4.0	77	0.0	0	0.0	0	0.0	0	0.0	0
1	1	0	291	60	1524.95935	91.56184270000085	91.5523697000026	0.0049579	0.009473	0	-0.8	0.5	0.24979	0.5066	11.20663	71	4.86	77	-0.8	0.5	0.53096	0.47046	12.10254	71	4.14	77	0.0	0	0.0	0	0.0	0	0.0	0
1	1	0	292	60	1524.97583	91.57191059999968	91.56876360000024	0.0050779	0.003147	0	-0.8	0.5	0.25264	0.51062	9.33154	71	3.49	77	-0.8	0.5	0.53251	0.47753	11.31837	71	4.2	77	0.0	0	0.0	0	0.0	0	0.0	0
1	1	0	293	60	1524.99243	91.59177389999968	91.58536789999926	0.0049783	0.006406	0	-0.8	0.5	0.25239	0.51665	10.31427	71	3.79	77	-0.8	0.5	0.53234	0.48233	10.85112	71	4.33	77	0.0	0	0.0	0	0.0	0	0.0	0
1	1	0	294	60	1525.00867	91.60668910000095	91.60164400000212	0.0049699	0.0050451	0	-0.8	0.5	0.25244	0.51668	11.15753	71	3.76	77	-0.8	0.5	0.53274	0.48138	11.7922	71	3.73	77	0.0	0	0.0	0	0.0	0	0.0	0
1	1	0	295	60	1525.02502	91.62264219999997	91.61803969999892	0.0049954	0.0046025	0	-0.8	0.5	0.25284	0.51699	11.38725	71	3.44	77	-0.8	0.5	0.53337	0.48135	11.66084	71	3.59	77	0.0	0	0.0	0	0.0	0	0.0	0
1	1	0	296	60	1525.04163	91.63762670000142	91.63454860000274	0.0050338	0.0030781	0	-0.8	0.5	0.25273	0.51673	11.36575	71	3.53	77	-0.8	0.5	0.53388	0.48198	11.26974	71	3.79	77	0.0	0	0.0	0	0.0	0	0.0	0
1	1	0	297	60	1525.05811	91.6575722000016	91.65111400000387	0.0050033	0.0064582	0	-0.8	0.5	0.25282	0.5173	11.49621	71	3.59	77	-0.8	0.5	0.53394	0.48188	11.43747	71	3.6	77	0.0	0	0.0	0	0.0	0	0.0	0
1	1	0	298	60	1525.07446	91.67250720000084	91.66739130000133	0.0048818	0.0051159	0	-0.8	0.5	0.25338	0.5174	11.47742	71	3.65	77	-0.8	0.5	0.53465	0.48213	11.61572	71	3.82	77	0.0	0	0.0	0	0.0	0	0.0	0
1	1	0	299	60	1525.09082	91.69246360000034	91.68380179999804	0.0049745	0.0086618	0	-0.8	0.5	0.25368	0.51764	12.00945	71	3.61	77	-0.8	0.5	0.5353	0.48268	11.57477	71	3.83	77	0.0	0	0.0	0	0.0	0	0.0	0
1	1	0	300	60	1525.1073	91.70742360000077	91.70024700000067	0.0049673	0.0071766	0	-0.8	0.5	0.25358	0.51773	11.83797	71	3.71	77	-0.8	0.5	0.53492	0.4831	12.11854	71	3.77	77	0.0	0	0.0	0	0.0	0	0.0	0
1	1	0	301	60	1525.12366	91.72239300000001	91.71660709999924	0.004895	0.0057859	0	-0.8	0.5	0.25381	0.51767	11.52624	71	3.59	77	-0.8	0.5	0.53566	0.4832	11.85979	71	3.77	77	0.0	0	0.0	0	0.0	0	0.0	0
1	1	0	302	60	1525.14014	91.7373413000023	91.73312749999968	0.0049323	0.0042138	0	-0.8	0.5	0.25375	0.51763	11.42038	71	3.64	77	-0.8	0.5	0.53587	0.48411	11.85466	71	4.15	77	0.0	0	0.0	0	0.0	0	0.0	0
1	1	0	303	60	1525.15674	91.757287299999	91.74974199999997	0.0049861	0.0075453	0	-0.8	0.5	0.25366	0.51802	11.57835	71	3.77	77	-0.8	0.5	0.53595	0.48303	12.07508	71	3.83	77	0.0	0	0.0	0	0.0	0	0.0	0
1	1	0	304	60	1525.17297	91.77228010000181	91.76595820000148	0.0049387	0.0063219	0	-0.8	0.5	0.25201	0.51302	11.75914	71	3.86	77	-0.8	0.5	0.53256	0.47808	12.37317	71	3.92	77	0.0	0	0.0	0	0.0	0	0.0	0
1	1	0	305	60	1525.18933	91.78720059999978	91.78234050000174	0.00497	0.0048601	0	-0.8	0.5	0.25109	0.50863	11.65542	71	4.4	77	-0.8	0.5	0.52987	0.47287	12.58871	71	4.25	77	0.0	0	0.0	0	0.0	0	0.0	0
1	1	0	306	60	1525.20581	91.80217330000232	91.79878070000268	0.0049681	0.0033926	0	-0.8	0.5	0.25129	0.50616	11.4873	71	4.81	77	-0.8	0.5	0.52984	0.47066	12.17153	71	3.97	77	0.0	0	0.0	0	0.0	0	0.0	0
1	1	0	307	60	1525.22241	91.81710089999979	91.81534000000102	0.0049093	0.0017609	0	-0.8	0.5	0.25026	0.50633	12.44984	71	5.21	77	-0.8	0.5	0.52939	0.47052	12.98642	71	4.31	77	0.0	0	0.0	0	0.0	0	0.0	0
1	1	0	308	60	1525.23877	91.83710169999904	91.83178359999874	0.0049746	0.0053181	0	-0.8	0.5	0.2502	0.50602	12.13542	71	5.23	77	-0.8	0.5	0.52979	0.46965	13.2038	71	4.13	77	0.0	0	0.0	0	0.0	0	0.0	0
1	1	0	309	60	1525.25513	91.85208330000023	91.84813919999942	0.005016	0.0039441	0	-0.8	0.5	0.25052	0.50599	11.90835	71	5.18	77	-0.8	0.5	0.52944	0.47035	13.22517	71	4.47	77	0.0	0	0.0	0	0.0	0	0.0	0
1	1	0	310	60	1525.27161	91.87203829999999	91.86457739999969	0.0050245	0.0074609	0	-0.8	0.5	0.25033	0.50504	12.07009	71	4.92	77	-0.8	0.5	0.53027	0.46959	13.29656	71	4.54	77	0.0	0	0.0	0	0.0	0	0.0	0
1	1	0	311	60	1525.28796	91.88693129999956	91.88096379999843	0.0049491	0.0059675	0	-0.8	0.5	0.25018	0.50355	12.38987	71	4.77	77	-0.8	0.5	0.53054	0.46953	13.42224	71	4.61	77	0.0	0	0.0	0	0.0	0	0.0	0
1	1	0	312	60	1525.30444	91.90197140000237	91.89746240000022	0.0050247	0.004509	0	-0.8	0.5	0.25066	0.50104	12.11515	71	3.91	77	-0.8	0.5	0.53065	0.46943	13.16637	71	4.95	77	0.0	0	0.0	0	0.0	0	0.0	0
1	1	0	313	60	1525.32092	91.91688860000068	91.91390369999863	0.0049909	0.0029849	0	-0.8	0.5	0.25064	0.50157	12.24083	71	4.81	77	-0.8	0.5	0.53144	0.46939	13.48949	71	5.03	77	0.0	0	0.0	0	0.0	0	0.0	0
1	1	0	314	60	1525.33728	91.93681040000229	91.93020190000243	0.00496	0.0066085	0	-0.8	0.5	0.25036	0.50153	12.39472	71	4.88	77	-0.8	0.5	0.53157	0.46804	13.2874	71	4.97	77	0.0	0	0.0	0	0.0	0	0.0	0
1	1	0	315	60	1525.35364	91.9517928000023	91.94665610000447	0.0049148	0.0051367	0	-0.8	0.5	0.25066	0.50088	11.92489	71	5.63	77	-0.8	0.5	0.53164	0.46821	13.15717	71	4.97	77	0.0	0	0.0	0	0.0	0	0.0	0
1	1	0	316	60	1525.37012	91.96672340000077	91.96308929999941	0.0049602	0.0036341	0	-0.8	0.5	0.25058	0.50089	12.48785	71	4.95	77	-0.8	0.5	0.53198	0.46702	13.29963	71	4.77	77	0.0	0	0.0	0	0.0	0	0.0	0
1	1	0	317	60	1525.38647	91.98667059999934	91.97942690000127	0.0049341	0.0072437	0	-0.8	0.5	0.25109	0.50035	12.01914	71	4.6	77	-0.8	0.5	0.53243	0.46645	12.69005	71	4.72	77	0.0	0	0.0	0	0.0	0	0.0	0
1	1	0	318	60	1525.40295	92.00168710000071	91.99591499999951	0.0049873	0.0057721	0	-0.8	0.5	0.25134	0.5007	12.41029	71	4.83	77	-0.8	0.5	0.53248	0.46634	12.89333	71	4.78	77	0.0	0	0.0	0	0.0	0	0.0	0
1	1	0	320	60	1525.41931	92.01686640000116	92.01232420000088	0.0052638	0.0045422	0	-0.8	0.5	0.25215	0.50109	12.17313	71	4.84	77	-0.8	0.5	0.53302	0.46771	13.06775	71	4.59	77	0.0	0	0.0	0	0.0	0	0.0	0
