1	1	0	68	60	187.11598	64.62989980000202	64.62657610000315	0.0049095	0.0033237	0	0.122064	0.00284	0.32187	0.60193	14.09326	71	3.39	77	0.064704	-0.01	0.67621	0.61031	12.8445	71	3.37	77	0.0	0	0.0	0	0.0	0	0.0	0
1	1	0	71	60	187.1324	64.6498367000022	64.64301210000122	0.0049954	0.0068246	0	0.122064	0.00284	0.32174	0.60193	14.03491	71	3.4	77	0.064704	-0.01	0.6762	0.60989	12.5312	71	3.37	77	0.0	0	0.0	0	0.0	0	0.0	0
1	1	0	72	60	187.14888	64.66477250000025	64.65948919999937	0.0049494	0.0052833	0	0.108688	0.06448	0.32157	0.60163	14.1974	71	3.48	77	0.060464	0.03204	0.67617	0.60912	12.93353	71	3.3	77	0.0	0	0.0	0	0.0	0	0.0	0
1	1	0	73	60	187.16527	64.67978719999883	64.67588679999972	0.0050269	0.0039004	0	0.117216	0.06992	0.32192	0.60189	13.99665	71	3.4	77	0.08672	0.00925	0.67632	0.60974	12.82188	71	3.46	77	0.0	0	0.0	0	0.0	0	0.0	0
1	1	0	75	60	187.18167	64.69972880000205	64.69228000000294	0.0050249	0.0074488	0	0.116	0.0782	0.32187	0.60193	14.09326	71	3.39	77	0.087504	0.01734	0.67621	0.61022	13.00026	71	3.37	77	0.0	0	0.0	0	0.0	0	0.0	0
1	1	0	76	60	187.1981	64.71463420000146	64.70871380000244	0.0049242	0.0059204	0	0.118512	0.02586	0.32192	0.60189	13.99665	71	3.4	77	0.111408	1.1E-4	0.67642	0.61022	12.59523	71	3.37	77	0.0	0	0.0	0	0.0	0	0.0	0
1	1	0	77	60	187.21452	64.72961710000163	64.72512330000245	0.0049609	0.0044938	0	0.113088	0.06392	0.3218	0.60191	14.08896	71	3.44	77	0.092448	-0.03997	0.67633	0.61023	12.73069	71	3.38	77	0.0	0	0.0	0	0.0	0	0.0	0
1	1	0	78	60	187.23097	64.74461249999877	64.741589199999	0.0050196	0.0030233	0	0.113088	0.06392	0.32186	0.60187	14.00996	71	3.45	77	0.092448	-0.03997	0.67634	0.61033	12.66748	71	3.38	77	0.0	0	0.0	0	0.0	0	0.0	0
1	1	0	79	60	187.24741	64.7645044000019	64.75801040000079	0.0049523	0.006494	0	0.121392	0.01459	0.32173	0.60195	14.22227	71	3.44	77	0.106896	-0.0332	0.67633	0.61023	12.7094	71	3.37	77	0.0	0	0.0	0	0.0	0	0.0	0
1	1	0	80	60	187.26389	64.77950340000098	64.77447820000089	0.0050104	0.0050252	0	0.08664	0.11113	0.32157	0.60163	14.1974	71	3.48	77	0.103488	0.06773	0.67627	0.61017	12.8446	71	3.36	77	0.0	0	0.0	0	0.0	0	0.0	0
1	1	0	81	60	187.28027	64.79447450000225	64.79087410000284	0.0049785	0.0036004	0	0.08664	0.11113	0.32157	0.60163	14.1974	71	3.48	77	0.103488	0.06773	0.67627	0.61017	12.8446	71	3.36	77	0.0	0	0.0	0	0.0	0	0.0	0
1	1	0	86	60	187.29665	64.81437179999921	64.80726579999828	0.0049609	0.007106	0	0.075008	0.09781	0.32167	0.6019	14.27872	71	3.38	77	0.0796	0.02411	0.67616	0.61024	12.78102	71	3.36	77	0.0	0	0.0	0	0.0	0	0.0	0
1	1	0	87	60	187.31314	64.82933599999888	64.82375500000126	0.00499	0.005581	0	0.012384	0.13	0.31944	0.59999	14.34007	71	3.54	77	0.004608	0.10291	0.67426	0.60757	13.5896	71	3.57	77	0.0	0	0.0	0	0.0	0	0.0	0
1	1	0	88	60	187.32951	64.84428789999947	64.84013460000278	0.0049311	0.0041533	0	0.014672	0.12119	0.31908	0.59933	14.40166	71	3.54	77	0.004624	0.09387	0.67393	0.60722	13.90974	71	3.48	77	0.0	0	0.0	0	0.0	0	0.0	0
1	1	0	89	60	187.34615	64.85930780000126	64.85675870000341	0.0050256	0.0025491	0	-0.014928	0.1511	0.31837	0.60006	14.20267	71	3.42	77	-0.006368	0.11864	0.67259	0.60729	14.01843	71	3.54	77	0.0	0	0.0	0	0.0	0	0.0	0
1	1	0	90	60	187.36238	64.87922679999974	64.8729889999995	0.0049495	0.0062378002	0	-0.015968	0.14781	0.31835	0.59997	14.22168	71	3.42	77	-0.014352	0.10822	0.67271	0.60792	13.97418	71	3.73	77	0.0	0	0.0	0	0.0	0	0.0	0
1	1	0	91	60	187.37881	64.89417419999882	64.88942690000113	0.0049592	0.0047473	0	-0.013296	0.13848	0.31834	0.59994	14.16796	71	3.43	77	-0.013936	0.08972	0.67265	0.60797	13.83393	71	3.74	77	0.0	0	0.0	0	0.0	0	0.0	0
1	1	0	92	60	187.39511	64.91408450000017	64.90572189999875	0.0049839998	0.0083626	0	0.01808	0.12768	0.31855	0.59965	14.33932	71	3.46	77	0.022336	0.12501	0.673	0.60745	13.87492	71	3.48	77	0.0	0	0.0	0	0.0	0	0.0	0
1	1	0	93	60	187.41159	64.92904900000212	64.92220440000165	0.0049683	0.0068446	0	-0.027536	0.06477	0.31866	0.59932	14.25321	71	3.48	77	-0.013968	0.07748	0.67309	0.60718	13.75884	71	3.52	77	0.0	0	0.0	0	0.0	0	0.0	0
1	1	0	94	60	187.4281	64.944058699999	64.93871139999828	0.0049911	0.0053473	0	-0.02472	0.05646	0.31899	0.59914	14.15807	71	3.46	77	-0.013968	0.07748	0.67306	0.60712	13.7119	71	3.57	77	0.0	0	0.0	0	0.0	0	0.0	0
1	1	0	95	60	187.44441	64.95903389999876	64.95501829999921	0.005042	0.0040156	0	-0.007792	0.07993	0.31943	0.59886	13.75859	71	3.57	77	-0.009456	0.1297	0.67394	0.60708	13.51261	71	3.57	77	0.0	0	0.0	0	0.0	0	0.0	0
1	1	0	96	60	187.461	64.97892890000003	64.97160749999966	0.0049593	0.0073214	0	-0.042416	0.13825	0.31923	0.59941	13.70204	71	3.38	77	-0.004384	0.09431	0.6739	0.60773	13.25614	71	3.38	77	0.0	0	0.0	0	0.0	0	0.0	0
1	1	0	97	60	187.47726	64.9939231999997	64.9878718	0.0049699	0.0060514	0	-0.048416	0.15693	0.31893	0.60014	13.60178	71	3.38	77	-0.004608	0.11293	0.67369	0.60817	13.03049	71	3.33	77	0.0	0	0.0	0	0.0	0	0.0	0
1	1	0	98	60	187.49393	65.00886560000072	65.0045362000019	0.0049703	0.0043294	0	-0.335776	0.10404	0.31265	0.60053	13.64057	71	3.43	77	-0.327008	0.15006	0.66641	0.60798	13.43314	71	3.38	77	0.0	0	0.0	0	0.0	0	0.0	0
1	1	0	99	60	187.51025	65.02385290000166	65.02086730000156	0.0049909	0.0029856	0	-0.30584	0.1052	0.31288	0.5998	13.24422	71	3.46	77	-0.341744	0.07683	0.66673	0.6077	13.07297	71	3.41	77	0.0	0	0.0	0	0.0	0	0.0	0
1	1	0	100	60	187.5267	65.04374710000047	65.03730500000165	0.0049539	0.0064421	0	-0.30584	0.1052	0.31274	0.59951	13.3092	71	3.51	77	-0.338448	0.06844	0.66628	0.60723	13.12203	71	3.67	77	0.0	0	0.0	0	0.0	0	0.0	0
1	1	0	101	60	187.54315	65.05875519999972	65.05376859999888	0.004997	0.0049866	0	-0.344992	0.08377	0.31309	0.59957	12.75779	71	3.33	77	-0.361344	0.05013	0.66727	0.60781	12.45452	71	3.64	77	0.0	0	0.0	0	0.0	0	0.0	0
1	1	0	102	60	187.55954	65.07870489999914	65.07015500000125	0.0050302	0.0085499	0	-0.3076	0.12188	0.3137	0.60087	12.72299	71	3.51	77	-0.31384	0.1235	0.66749	0.60834	12.73441	71	3.45	77	0.0	0	0.0	0	0.0	0	0.0	0
1	1	0	103	60	187.57599	65.09365750000143	65.08659260000059	0.0049461	0.0070649	0	-0.301856	0.11319	0.31364	0.60045	12.62236	71	3.55	77	-0.31384	0.1235	0.66762	0.60867	12.55544	71	3.41	77	0.0	0	0.0	0	0.0	0	0.0	0
1	1	0	104	60	187.59245	65.10858250000092	65.10305960000187	0.0049791	0.0055229	0	-0.394768	0.12031	0.31428	0.60039	12.03264	71	3.3	77	-0.320176	0.11367	0.6684	0.60888	12.44031	71	3.34	77	0.0	0	0.0	0	0.0	0	0.0	0
1	1	0	109	60	187.60881	65.12358640000093	65.11941250000382	0.0049799	0.0041739	0	-0.372176	0.10829	0.31467	0.59966	11.97669	71	3.41	77	-0.387072	0.04791	0.66859	0.60799	12.22524	71	3.48	77	0.0	0	0.0	0	0.0	0	0.0	0
1	1	0	110	60	187.62523	65.14348619999873	65.13583009999638	0.0049856	0.0076561	0	-0.38496	0.12519	0.31467	0.59966	11.992	71	3.4	77	-0.390992	0.05638	0.66841	0.60775	12.31568	71	3.35	77	0.0	0	0.0	0	0.0	0	0.0	0
1	1	0	111	60	187.64165	65.1584913000006	65.15226459999758	0.0047563	0.0062267	0	-0.57672	0.02567	0.3105	0.60314	12.29453	71	3.76	77	-0.550512	-0.01817	0.66389	0.61142	12.45619	71	3.35	77	0.0	0	0.0	0	0.0	0	0.0	0
1	1	0	112	60	187.65822	65.17342030000145	65.16882370000167	0.0049809	0.0045966	0	-0.686048	-0.0582	0.30759	0.6038	12.04867	71	3.05	77	-0.642272	-0.06061	0.66247	0.61286	10.8378	71	3.4	77	0.0	0	0.0	0	0.0	0	0.0	0
1	1	0	113	60	187.67441	65.19338160000189	65.18501950000427	0.0050074	0.0083621	0	-0.676384	-0.06443	0.30865	0.60586	12.55032	71	3.74	77	-0.635728	-0.06756	0.6622	0.61338	11.40737	71	3.3	77	0.0	0	0.0	0	0.0	0	0.0	0
1	1	0	114	60	187.69087	65.20828370000163	65.20148569999947	0.0049463	0.006798	0	-0.613456	-0.07788	0.30894	0.60587	12.09141	71	3.63	77	-0.652672	-0.01895	0.6629	0.61374	11.5098	71	3.39	77	0.0	0	0.0	0	0.0	0	0.0	0
1	1	0	115	60	187.70731	65.22329360000003	65.21789609999905	0.005009	0.0053975	0	-0.630384	-0.04154	0.3088	0.60405	12.25141	71	3.67	77	-0.633168	-0.09437	0.66269	0.6139	11.73852	71	3.41	77	0.0	0	0.0	0	0.0	0	0.0	0
1	1	0	116	60	187.72377	65.23822360000122	65.23437650000051	0.0049919	0.0038471	0	-0.630384	-0.04154	0.30887	0.60411	12.41744	71	3.67	77	-0.639744	-0.08773	0.66258	0.6139	11.26427	71	3.52	77	0.0	0	0.0	0	0.0	0	0.0	0
1	1	0	117	60	187.7403	65.25821480000013	65.25090110000019	0.0050133	0.0073137	0	-0.61096	0.01092	0.30879	0.60451	12.11982	71	3.71	77	-0.718448	-0.03512	0.66278	0.61247	11.23327	71	3.35	77	0.0	0	0.0	0	0.0	0	0.0	0
1	1	0	118	60	187.75674	65.27314190000106	65.26736340000207	0.0049878	0.0057785	0	-0.658336	-0.0108	0.30893	0.60444	12.49483	71	3.67	77	-0.706192	-0.04531	0.66296	0.61249	11.33429	71	3.34	77	0.0	0	0.0	0	0.0	0	0.0	0
1	1	0	119	60	187.77312	65.28811549999955	65.28372169999784	0.0049969	0.0043938	0	-0.657968	-0.01107	0.3091	0.60466	12.5638	71	3.59	77	-0.698912	-0.05253	0.66291	0.61228	11.24625	71	3.32	77	0.0	0	0.0	0	0.0	0	0.0	0
1	1	0	120	60	187.78955	65.30803200000082	65.30017029999726	0.0049096	0.0078617	0	-0.626432	-0.04765	0.30898	0.60489	12.23159	71	3.45	77	-0.629216	-0.1185	0.66253	0.61286	11.65212	71	3.71	77	0.0	0	0.0	0	0.0	0	0.0	0
1	1	0	121	60	187.80585	65.31828270000187	65.31646750000436	0.0052665	0.0018152	0	-0.450912	-0.17283	0.31119	0.60602	12.2655	71	3.18	77	-0.453824	-0.12838	0.6652	0.61379	11.66892	71	3.08	77	0.0	0	0.0	0	0.0	0	0.0	0
1	1	0	122	60	187.82237	65.3380201	65.33297569999922	0.0050068	0.0050444	0	-0.435488	-0.1836	0.31196	0.60669	12.34581	71	3.24	77	-0.443808	-0.14157	0.6662	0.61433	12.26664	71	3.0	77	0.0	0	0.0	0	0.0	0	0.0	0
1	1	0	123	60	187.83879	65.35296079999898	65.3494103999983	0.0050342	0.0035504	0	-0.378176	-0.12553	0.31332	0.60636	12.1068	71	3.25	77	-0.411328	-0.15544	0.66743	0.61426	11.62159	71	3.47	77	0.0	0	0.0	0	0.0	0	0.0	0
1	1	0	124	60	187.85527	65.37289470000178	65.36587850000433	0.0050039	0.0070162	0	-0.401872	-0.162	0.31305	0.60633	12.0316	71	3.48	77	-0.428912	-0.17015	0.6676	0.61547	12.05155	71	3.5	77	0.0	0	0.0	0	0.0	0	0.0	0
1	1	0	125	60	187.87172	65.38790840000001	65.38233719999698	0.0049595	0.0055712	0	-0.401872	-0.162	0.31291	0.6062	11.84321	71	3.44	77	-0.433712	-0.16403	0.66742	0.61508	12.0273	71	3.17	77	0.0	0	0.0	0	0.0	0	0.0	0
1	1	0	130	60	187.88811	65.4028126000012	65.39871490000223	0.0049647	0.0040977	0	-0.385488	-0.08411	0.31241	0.60566	12.05228	71	3.43	77	-0.378912	-0.1409	0.66697	0.61394	11.8588	71	3.13	77	0.0	0	0.0	0	0.0	0	0.0	0
1	1	0	131	60	187.90453	65.42281250000087	65.41514410000309	0.0050433	0.0076684	0	-0.371888	-0.00844	0.31327	0.60383	11.52592	71	3.41	77	-0.380016	-0.07602	0.66682	0.6123	12.31328	71	3.22	77	0.0	0	0.0	0	0.0	0	0.0	0
1	1	0	132	60	187.92107	65.43771530000231	65.43168040000091	0.0049412	0.0060349	0	-0.38536	0.00635	0.31273	0.60263	11.47255	71	3.52	77	-0.388144	-0.06171	0.66649	0.61195	12.07078	71	3.41	77	0.0	0	0.0	0	0.0	0	0.0	0
1	1	0	133	60	187.93742	65.45272839999961	65.44803499999762	0.0050504	0.0046934	0	-0.452384	-0.026	0.31186	0.60397	11.84309	71	3.28	77	-0.412912	-0.01029	0.66628	0.61238	12.20771	71	3.37	77	0.0	0	0.0	0	0.0	0	0.0	0
1	1	0	134	60	187.9538	65.4676255000013	65.46440409999923	0.00497	0.0032214	0	-0.411648	-0.00978	0.31204	0.605	12.14911	71	3.44	77	-0.439056	-0.04468	0.666	0.61223	11.78079	71	3.4	77	0.0	0	0.0	0	0.0	0	0.0	0
1	1	0	135	60	187.97025	65.4875893999997	65.48086189999958	0.0050085	0.0067275	0	-0.418544	-0.00271	0.31177	0.60504	12.33463	71	3.35	77	-0.439232	-0.0444	0.66583	0.61243	12.12463	71	3.33	77	0.0	0	0.0	0	0.0	0	0.0	0
1	1	0	136	60	187.98671	65.50256870000158	65.49731690000408	0.0049945	0.0052518	0	-0.410368	-0.00534	0.3114	0.60534	12.11118	71	3.34	77	-0.46112	-0.01694	0.66515	0.61232	12.31466	71	3.34	77	0.0	0	0.0	0	0.0	0	0.0	0
1	1	0	137	60	188.00305	65.51750439999887	65.51366549999875	0.0050249	0.0038389	0	-0.392288	-0.02765	0.31085	0.60492	12.27806	71	3.45	77	-0.423568	-0.02101	0.66531	0.61235	12.6071	71	3.23	77	0.0	0	0.0	0	0.0	0	0.0	0
1	1	0	138	60	188.01958	65.53245009999955	65.5301896000019	0.0049201	0.0022605	0	-0.378944	-0.04132	0.31084	0.60495	12.28271	71	3.42	77	-0.41912	-0.02875	0.66504	0.61222	12.38828	71	3.35	77	0.0	0	0.0	0	0.0	0	0.0	0
1	1	0	139	60	188.03596	65.55243600000176	65.54658290000225	0.0049864	0.0058531	0	-0.36016	-0.01784	0.31058	0.60516	12.0546	71	3.31	77	-0.428256	-0.07233	0.66454	0.61255	12.37807	71	3.37	77	0.0	0	0.0	0	0.0	0	0.0	0
1	1	0	140	60	188.05241	65.56737620000058	65.56300650000048	0.0049769	0.0043697	0	-0.399552	-0.03838	0.31016	0.60569	12.64382	71	3.25	77	-0.430912	-0.05121	0.66421	0.6131	12.57097	71	3.29	77	0.0	0	0.0	0	0.0	0	0.0	0
1	1	0	141	60	188.06871	65.58753520000027	65.57933080000294	0.0052067	0.0082044	0	-0.39928	-0.03865	0.31031	0.60612	12.67223	71	3.26	77	-0.430736	-0.0515	0.66453	0.61358	12.52481	71	3.24	77	0.0	0	0.0	0	0.0	0	0.0	0
1	1	0	142	60	188.08522	65.6022976000022	65.59583890000067	0.0050037	0.0064587	0	-0.285856	-0.03836	0.31206	0.60512	12.42188	71	3.21	77	-0.321616	-0.02689	0.66661	0.61302	11.92114	71	3.04	77	0.0	0	0.0	0	0.0	0	0.0	0
1	1	0	143	60	188.10167	65.61729539999942	65.61227979999967	0.0050606	0.0050156	0	-0.29424	-0.00105	0.31205	0.60533	12.49168	71	3.24	77	-0.336544	-0.02003	0.66654	0.61281	12.09226	71	3.14	77	0.0	0	0.0	0	0.0	0	0.0	0
1	1	0	144	60	188.1181	65.63722190000044	65.62871319999977	0.0049927	0.0085087	0	-0.30008	0.00644	0.31201	0.60496	12.53111	71	3.23	77	-0.340112	-0.01215	0.66641	0.61273	12.28491	71	3.1	77	0.0	0	0.0	0	0.0	0	0.0	0
1	1	0	149	60	188.13451	65.65216209999926	65.64512599999944	0.0049856	0.0070361	0	-0.282128	-0.01214	0.31197	0.6056	12.83564	71	3.26	77	-0.304016	-0.02408	0.66617	0.61286	11.91894	71	3.13	77	0.0	0	0.0	0	0.0	0	0.0	0
1	1	0	150	60	188.15108	65.66709099999935	65.66169439999794	0.0049914	0.0053966	0	-0.298128	0.00658	0.31186	0.60593	12.67402	71	3.35	77	-0.325664	-0.02313	0.6662	0.61375	12.1012	71	3.29	77	0.0	0	0.0	0	0.0	0	0.0	0
1	1	0	151	60	188.16731	65.68313340000168	65.67792050000207	0.0050682	0.0052129	0	-0.303792	0.0139	0.31144	0.60572	12.63079	71	3.32	77	-0.325792	-0.02284	0.66614	0.61338	11.90897	71	3.17	77	0.0	0	0.0	0	0.0	0	0.0	0
1	1	0	152	60	188.18379	65.70299779999914	65.69440459999896	0.0049735	0.0085932	0	-0.294368	-0.02337	0.31123	0.60634	12.95364	71	3.31	77	-0.33424	-0.05889	0.66577	0.61365	12.21671	71	3.22	77	0.0	0	0.0	0	0.0	0	0.0	0
1	1	0	153	60	188.20023	65.71795480000219	65.71084260000134	0.0049667	0.0071122	0	-0.294352	-0.0264	0.31108	0.60569	13.11832	71	3.1	77	-0.29904	-0.03094	0.66559	0.61295	12.15824	71	3.13	77	0.0	0	0.0	0	0.0	0	0.0	0
1	1	0	154	60	188.21675	65.7329690000006	65.7273626999995	0.0050067	0.0056063	0	-0.288848	-0.03315	0.31097	0.60511	12.65837	71	3.12	77	-0.296	-0.03831	0.66538	0.61322	12.06058	71	3.32	77	0.0	0	0.0	0	0.0	0	0.0	0
1	1	0	155	60	188.23305	65.74793589999899	65.74366659999941	0.0050508	0.0042693	0	-0.331248	-0.02637	0.31077	0.60582	12.62973	71	3.36	77	-0.340432	-0.00481	0.66545	0.61349	12.06495	71	3.23	77	0.0	0	0.0	0	0.0	0	0.0	0
1	1	0	156	60	188.24956	65.76786569999967	65.7601777000018	0.0049666	0.007688	0	-0.254656	-0.08146	0.3107	0.606	12.91883	71	3.29	77	-0.298096	-0.06628	0.6655	0.61346	12.11665	71	3.29	77	0.0	0	0.0	0	0.0	0	0.0	0
1	1	0	157	60	188.26595	65.78277750000052	65.77656539999953	0.0049585	0.0062121	0	-0.2492	-0.08803	0.31077	0.60628	12.56831	71	3.34	77	-0.297968	-0.06656	0.66509	0.61395	12.29987	71	3.26	77	0.0	0	0.0	0	0.0	0	0.0	0
1	1	0	158	60	188.28242	65.79876990000048	65.79303930000242	0.0049247	0.0057306	0	-0.27752	-0.02392	0.31051	0.60668	12.35948	71	3.32	77	-0.292768	-0.05862	0.66491	0.61382	11.7844	71	3.23	77	0.0	0	0.0	0	0.0	0	0.0	0
1	1	0	159	60	188.29875	65.81371330000184	65.80934950000301	0.0049878	0.0043638	0	-0.286976	-0.04714	0.31014	0.60605	12.6993	71	3.41	77	-0.309568	-0.02187	0.66467	0.6132	12.03768	71	3.06	77	0.0	0	0.0	0	0.0	0	0.0	0
1	1	0	160	60	188.31523	65.83367759999965	65.82584770000176	0.0050105	0.0078299	0	-0.292608	-0.04037	0.31009	0.6062	12.87538	71	3.37	77	-0.312736	-0.01431	0.6649	0.61338	11.83816	71	3.23	77	0.0	0	0.0	0	0.0	0	0.0	0
1	1	0	161	60	188.33167	65.84859979999965	65.84228340000118	0.0049623	0.0063164	0	-0.348896	-0.02467	0.3099	0.60634	12.95364	71	3.31	77	-0.332208	-0.03988	0.66449	0.61341	12.10451	71	3.19	77	0.0	0	0.0	0	0.0	0	0.0	0
1	1	0	162	60	188.34808	65.8636187000011	65.8586921999995	0.0049993	0.0049265	0	-0.26928	-0.04374	0.30988	0.60629	12.94811	71	3.33	77	-0.346048	-0.04839	0.6644	0.61358	12.0372	71	3.32	77	0.0	0	0.0	0	0.0	0	0.0	0
1	1	0	163	60	188.36447	65.87856190000093	65.87509010000213	0.0049869	0.0034718	0	-0.274672	-0.03698	0.3099	0.60634	12.95364	71	3.31	77	-0.346192	-0.04811	0.66436	0.61363	12.17585	71	3.31	77	0.0	0	0.0	0	0.0	0	0.0	0
1	1	0	164	60	188.38097	65.8984758000006	65.89157160000104	0.0049384	0.0069042	0	-0.309728	-0.01586	0.30967	0.6054	12.60912	71	3.2	77	-0.308576	-0.04836	0.6641	0.61293	12.06806	71	3.07	77	0.0	0	0.0	0	0.0	0	0.0	0
1	1	0	165	60	188.39735	65.91345770000044	65.9079653000008	0.005007	0.0054924	0	-0.305344	0.01062	0.30959	0.6052	12.73718	71	3.15	77	-0.339616	-0.04038	0.66412	0.61255	12.42065	71	3.13	77	0.0	0	0.0	0	0.0	0	0.0	0
1	1	0	166	60	188.41377	65.92841480000061	65.92437710000013	0.0049911	0.0040377	0	-0.299744	0.00346	0.30944	0.60493	12.47175	71	3.21	77	-0.339616	-0.04038	0.66376	0.61195	12.21586	71	3.08	77	0.0	0	0.0	0	0.0	0	0.0	0
1	1	0	167	60	188.4301	65.94343189999927	65.94070310000097	0.0050654	0.0027288	0	-0.256016	-0.02604	0.30929	0.60498	12.42343	71	3.22	77	-0.367168	-0.02538	0.66395	0.61184	11.71083	71	3.14	77	0.0	0	0.0	0	0.0	0	0.0	0
1	1	0	168	60	188.44669	65.96333579999919	65.95728349999627	0.0049731	0.0060523	0	-0.286512	-0.01176	0.30944	0.60562	12.27089	71	3.41	77	-0.35008	-0.02283	0.66376	0.61203	12.068	71	3.11	77	0.0	0	0.0	0	0.0	0	0.0	0
1	1	0	169	60	188.46306	65.97831289999885	65.97366599999805	0.00504	0.0046469	0	-0.291904	-0.00484	0.30927	0.6057	12.54853	71	3.24	77	-0.353536	-0.01555	0.6637	0.61265	12.14745	71	3.12	77	0.0	0	0.0	0	0.0	0	0.0	0
1	1	0	170	60	188.4796	65.9982239000019	65.99021310000171	0.0049567	0.0080108	0	-0.326064	-0.00891	0.30961	0.60528	12.34864	71	3.09	77	-0.386928	-0.01917	0.66386	0.61174	11.52188	71	3.17	77	0.0	0	0.0	0	0.0	0	0.0	0
1	1	0	171	60	188.49596	66.01319910000166	66.0065659000029	0.0049994	0.0066332	0	-0.319808	-0.01403	0.30959	0.60543	12.46424	71	3.18	77	-0.36408	-0.04117	0.66403	0.6121	11.76309	71	3.17	77	0.0	0	0.0	0	0.0	0	0.0	0
1	1	0	172	60	188.51241	66.02820849999989	66.02301949999674	0.0049984	0.005189	0	-0.319808	-0.01403	0.30945	0.60505	12.4262	71	3.13	77	-0.360496	-0.04817	0.66412	0.61215	11.6545	71	3.23	77	0.0	0	0.0	0	0.0	0	0.0	0
1	1	0	173	60	188.52882	66.04317040000024	66.03943290000097	0.0049842	0.0037375	0	-0.305744	-0.01603	0.30938	0.60494	12.33167	71	3.2	77	-0.345328	-0.07041	0.66411	0.61217	11.64458	71	3.24	77	0.0	0	0.0	0	0.0	0	0.0	0
1	1	0	174	60	188.54517	66.06410410000171	66.05576260000089	0.0049685	0.0083415	0	-0.308752	-0.02495	0.30958	0.60522	12.41877	71	3.07	77	-0.333648	-0.02354	0.6643	0.61262	11.61494	71	3.17	77	0.0	0	0.0	0	0.0	0	0.0	0
1	1	0	175	60	188.56166	66.07405020000078	66.07226029999947	0.0049624	0.0017899	0	-0.303088	-0.03171	0.30971	0.60506	12.09719	71	3.13	77	-0.333648	-0.02354	0.66444	0.61276	11.70055	71	3.16	77	0.0	0	0.0	0	0.0	0	0.0	0
1	1	0	176	60	188.57803	66.09398190000138	66.088648500001	0.0048827	0.0053334	0	-0.311248	-0.02746	0.30996	0.60602	12.06904	71	3.35	77	-0.322224	-0.06716	0.66492	0.61374	11.21987	71	3.29	77	0.0	0	0.0	0	0.0	0	0.0	0
1	1	0	182	60	191.91304	69.43014939999921	69.4236510999981	0.005047	0.0064983	0	0.31096	0.11214	0.32679	0.60408	14.59451	71	3.68	77	0.245328	0.0011	0.68092	0.61361	13.92201	71	3.62	77	0.0	0	0.0	0	0.0	0	0.0	0
1	1	0	187	60	191.92952	69.44502329999887	69.4401285999993	0.0048991	0.0048947	0	0.269952	0.07374	0.32696	0.60357	14.85659	71	3.64	77	0.271488	0.06197	0.68135	0.61305	14.26816	71	3.53	77	0.0	0	0.0	0	0.0	0	0.0	0
1	1	0	188	60	191.94571	69.46003800000108	69.4563167999986	0.005042	0.0037212	0	0.26752	0.04909	0.32717	0.60372	14.84951	71	3.63	77	0.285712	0.0085	0.68163	0.61317	14.4557	71	3.46	77	0.0	0	0.0	0	0.0	0	0.0	0
1	1	0	189	60	191.96234	69.47495730000082	69.47293560000253	0.0049505	0.0020217	0	0.26712	0.04091	0.32716	0.60365	14.66626	71	3.64	77	0.282896	2.1E-4	0.68162	0.61328	14.57109	71	3.46	77	0.0	0	0.0	0	0.0	0	0.0	0
1	1	0	191	60	191.97879	69.49490720000176	69.48938230000203	0.0049841	0.0055249	0	0.31704	0.08117	0.32685	0.60405	14.42344	71	3.59	77	0.27072	-0.06417	0.6815	0.61396	14.50125	71	3.61	77	0.0	0	0.0	0	0.0	0	0.0	0
1	1	0	192	60	191.99519	69.50987069999974	69.50581109999985	0.0049472	0.0040596	0	0.217712	0.11562	0.3261	0.6034	14.59025	71	3.56	77	0.214816	0.02619	0.68068	0.61292	14.11911	71	3.57	77	0.0	0	0.0	0	0.0	0	0.0	0
1	1	0	193	60	192.0116	69.52492070000153	69.5221941000018	0.005047	0.0027266	0	0.217712	0.11562	0.32614	0.60339	14.54127	71	3.53	77	0.214816	0.02619	0.68038	0.61322	14.3609	71	3.55	77	0.0	0	0.0	0	0.0	0	0.0	0
1	1	0	194	60	192.02805	69.54480750000221	69.53865430000224	0.0050229	0.0061532	0	0.244336	0.03783	0.32607	0.60408	14.12693	71	3.55	77	0.217808	3.6E-4	0.68054	0.61389	14.30051	71	3.58	77	0.0	0	0.0	0	0.0	0	0.0	0
1	1	0	195	60	192.04448	69.55977700000221	69.55507280000165	0.0050291	0.0047042	0	0.247392	0.03431	0.3262	0.60429	14.30979	71	3.56	77	0.206912	-0.01907	0.68042	0.61392	14.32748	71	3.62	77	0.0	0	0.0	0	0.0	0	0.0	0
1	1	0	196	60	192.0609	69.57970940000087	69.57151420000082	0.0049566	0.0081952	0	0.2472	0.0258	0.32617	0.60425	14.1992	71	3.57	77	0.204768	-0.02742	0.68039	0.61374	14.13295	71	3.59	77	0.0	0	0.0	0	0.0	0	0.0	0
1	1	0	201	60	192.07738	69.59074049999981	69.58797989999948	0.0050729	0.0027606	0	0.242096	0.02083	0.32616	0.60426	14.3364	71	3.53	77	0.250848	-0.01314	0.68033	0.61395	14.09387	71	3.66	77	0.0	0	0.0	0	0.0	0	0.0	0
1	1	0	202	60	192.09377	69.61059620000015	69.60438330000034	0.0049716	0.0062129	0	0.231312	0.10381	0.32611	0.60357	14.5563	71	3.57	77	0.199616	-0.05176	0.68046	0.61331	14.36843	71	3.5	77	0.0	0	0.0	0	0.0	0	0.0	0
1	1	0	203	60	192.1102	69.625624100001	69.62080590000187	0.0050636	0.0048182	0	0.231312	0.10381	0.32618	0.60354	14.43975	71	3.56	77	0.199616	-0.05176	0.68051	0.61392	14.41808	71	3.65	77	0.0	0	0.0	0	0.0	0	0.0	0
1	1	0	204	60	192.12666	69.64556250000169	69.63727450000442	0.0050763	0.008288	0	0.242384	0.02279	0.32616	0.60426	14.3364	71	3.54	77	0.220816	-0.06116	0.68028	0.61437	14.29921	71	3.56	77	0.0	0	0.0	0	0.0	0	0.0	0
1	1	0	205	60	192.1431	69.66049070000008	69.65370790000088	0.0049925	0.0067828	0	0.221632	0.02473	0.32594	0.60523	14.3891	71	3.56	77	0.251424	-0.01887	0.68024	0.61486	14.31401	71	3.74	77	0.0	0	0.0	0	0.0	0	0.0	0
1	1	0	206	60	192.15947	69.67544400000043	69.67007119999835	0.0050121	0.0053728	0	0.221632	0.02473	0.32604	0.60546	14.43362	71	3.54	77	0.253968	-0.01071	0.67993	0.6156	14.63148	71	3.67	77	0.0	0	0.0	0	0.0	0	0.0	0
1	1	0	207	60	192.17598	69.69038980000187	69.68658430000141	0.0049946	0.0038055	0	0.236944	0.07955	0.32691	0.60306	14.43371	71	3.67	77	0.251952	0.00377	0.68067	0.61331	14.51948	71	3.61	77	0.0	0	0.0	0	0.0	0	0.0	0
1	1	0	208	60	192.19235	69.71034119999968	69.70295980000083	0.0049663	0.0073814	0	0.357632	0.04067	0.32861	0.60249	15.17414	71	3.69	77	0.368432	-4.9E-4	0.68219	0.6119	15.08723	71	3.65	77	0.0	0	0.0	0	0.0	0	0.0	0
1	1	0	209	60	192.20874	69.72532520000095	69.71935270000176	0.0047944	0.0059725	0	0.360464	0.05747	0.3287	0.60138	15.20121	71	3.73	77	0.372176	0.00796	0.68246	0.61167	14.83917	71	3.75	77	0.0	0	0.0	0	0.0	0	0.0	0
1	1	0	210	60	192.2252	69.74031900000045	69.73581240000203	0.0050877	0.0045066	0	0.326336	0.1261	0.32888	0.60117	15.24186	71	3.64	77	0.291648	0.0529	0.68279	0.61125	14.4453	71	3.57	77	0.0	0	0.0	0	0.0	0	0.0	0
1	1	0	211	60	192.24164	69.75519550000172	69.75225280000086	0.0049593	0.0029427	0	0.33856	0.10126	0.32896	0.60192	14.73389	71	3.63	77	0.30208	0.08834	0.68285	0.612	14.28479	71	3.77	77	0.0	0	0.0	0	0.0	0	0.0	0
1	1	0	212	60	192.2581	69.77524850000191	69.76870430000054	0.0050921	0.0065442	0	0.338608	0.1016	0.32878	0.60194	14.51395	71	3.6	77	0.302192	0.08871	0.68268	0.61274	14.41019	71	3.6	77	0.0	0	0.0	0	0.0	0	0.0	0
1	1	0	213	60	192.27446	69.79009909999877	69.78506919999927	0.0049606	0.0050299	0	0.37672	0.08945	0.32836	0.60118	14.11766	71	3.63	77	0.361168	0.01396	0.68217	0.61172	14.03934	71	3.52	77	0.0	0	0.0	0	0.0	0	0.0	0
1	1	0	214	60	192.29095	69.81006379999963	69.80154949999996	0.0050219	0.0085143	0	0.251472	0.13054	0.32613	0.59925	14.05685	71	3.44	77	0.322016	0.05379	0.68065	0.6095	13.63964	71	3.5	77	0.0	0	0.0	0	0.0	0	0.0	0
1	1	0	215	60	192.30734	69.82510980000006	69.8179463000015	0.0050616	0.0071635	0	0.251472	0.13054	0.32551	0.5999	14.32568	71	3.48	77	0.322016	0.05379	0.68012	0.60908	12.88306	71	3.57	77	0.0	0	0.0	0	0.0	0	0.0	0
1	1	0	216	60	192.32362	69.83995470000082	69.83423419999963	0.004996	0.0057205	0	-0.081776	0.26758	0.31677	0.59606	13.45521	71	3.41	77	-0.165936	0.19882	0.66968	0.60482	13.58641	71	3.4	77	0.0	0	0.0	0	0.0	0	0.0	0
1	1	0	217	60	192.34019	69.85499049999999	69.85081720000017	0.0050174	0.0041733	0	-0.123264	0.24575	0.31674	0.59679	12.95256	71	3.71	77	-0.089312	0.15835	0.66971	0.60512	13.46724	71	3.43	77	0.0	0	0.0	0	0.0	0	0.0	0
1	1	0	218	60	192.35651	69.86990340000193	69.8671149000038	0.0050009	0.0027885	0	-0.123264	0.24575	0.31635	0.59691	13.18612	71	3.62	77	-0.090224	0.16806	0.66996	0.60653	13.09653	71	3.81	77	0.0	0	0.0	0	0.0	0	0.0	0
1	1	0	219	60	192.37305	69.88984870000058	69.8836607000012	0.0049551	0.006188	0	-0.1076	0.28217	0.31687	0.59754	12.62039	71	3.53	77	-0.1096	0.22873	0.67031	0.60663	12.84045	71	3.73	77	0.0	0	0.0	0	0.0	0	0.0	0
1	1	0	220	60	192.3895	69.90978190000169	69.90010840000105	0.0049484	0.0096735	0	-0.165136	0.25329	0.31715	0.59668	12.37141	71	3.66	77	-0.097072	0.19977	0.67004	0.60492	12.67412	71	3.68	77	0.0	0	0.0	0	0.0	0	0.0	0
1	1	0	221	60	192.40585	69.92473750000136	69.91645649999919	0.004946	0.008281	0	-0.169136	0.26322	0.31716	0.59723	12.44689	71	3.61	77	-0.097072	0.19977	0.67074	0.60557	12.55934	71	3.55	77	0.0	0	0.0	0	0.0	0	0.0	0
1	1	0	222	60	192.42229	69.93975080000018	69.93290080000224	0.0050288	0.00685	0	-0.126192	0.30822	0.31745	0.59649	12.33554	71	3.67	77	-0.143104	0.19274	0.67092	0.60659	12.23948	71	3.65	77	0.0	0	0.0	0	0.0	0	0.0	0
1	1	0	223	60	192.43887	69.95465840000179	69.94948220000151	0.0049628	0.0051762	0	-0.128384	0.25988	0.31819	0.59725	12.34989	71	3.55	77	-0.088768	0.21512	0.67118	0.60681	12.18645	71	3.57	77	0.0	0	0.0	0	0.0	0	0.0	0
1	1	0	228	60	192.45529	69.97464250000121	69.96589559999848	0.0049853	0.0087469	0	-0.124736	0.24984	0.31806	0.59699	11.92084	71	3.5	77	-0.087904	0.20487	0.6715	0.60722	12.11323	71	3.53	77	0.0	0	0.0	0	0.0	0	0.0	0
1	1	0	229	60	192.47173	69.98961390000113	69.98233489999984	0.0050149	0.007279	0	-0.112976	0.33599	0.31973	0.5947	11.64127	71	3.69	77	-0.050912	0.26096	0.67289	0.60466	11.59996	71	3.83	77	0.0	0	0.0	0	0.0	0	0.0	0
1	1	0	230	60	192.48817	70.00452479999876	69.99878259999969	0.0049435	0.0057422	0	0.026624	0.46045	0.32308	0.59172	11.62136	71	3.77	77	0.06624	0.38473	0.67474	0.602	12.27058	71	3.92	77	0.0	0	0.0	0	0.0	0	0.0	0
1	1	0	231	60	192.50444	70.0195315000019	70.0150597000029	0.0049812	0.0044718	0	0.028832	0.44722	0.32321	0.59066	11.35081	71	3.74	77	0.066208	0.38423	0.67487	0.60273	12.1191	71	4.2	77	0.0	0	0.0	0	0.0	0	0.0	0
1	1	0	232	60	192.52094	70.03947870000047	70.03154390000054	0.0049628	0.0079348	0	0.022672	0.42215	0.32451	0.59014	11.20224	71	4.28	77	0.05936	0.39188	0.67669	0.60208	11.41432	71	4.05	77	0.0	0	0.0	0	0.0	0	0.0	0
1	1	0	233	60	192.53728	70.05443519999972	70.04788370000097	0.0049902	0.0065515	0	0.020624	0.39314	0.32445	0.5909	11.26311	71	4.17	77	0.014	0.42431	0.67678	0.60222	11.47804	71	4.31	77	0.0	0	0.0	0	0.0	0	0.0	0
1	1	0	234	60	192.55374	70.0693734000015	70.06434690000242	0.0048751	0.0050265	0	0.0184	0.40522	0.32444	0.59093	11.23822	71	4.22	77	0.01408	0.43718	0.67692	0.6022	11.82062	71	3.99	77	0.0	0	0.0	0	0.0	0	0.0	0
1	1	0	235	60	192.57021	70.08929849999913	70.08081339999626	0.0049618	0.0084851	0	0.015248	0.44355	0.32447	0.59013	11.47771	71	3.83	77	-0.005104	0.40449	0.67673	0.60238	12.3035	71	4.27	77	0.0	0	0.0	0	0.0	0	0.0	0
1	1	0	236	60	192.58661	70.10431400000016	70.09721680000075	0.0049945	0.0070972	0	0.025168	0.47046	0.32459	0.59011	11.58533	71	4.11	77	0.018784	0.42573	0.67727	0.60206	12.01761	71	4.25	77	0.0	0	0.0	0	0.0	0	0.0	0
1	1	0	237	60	192.60303	70.11926450000101	70.11363990000245	0.0049552	0.0056246	0	0.023024	0.48336	0.32444	0.59035	11.35467	71	3.9	77	0.0188	0.42623	0.67679	0.60248	12.51906	71	4.28	77	0.0	0	0.0	0	0.0	0	0.0	0
1	1	0	238	60	192.61954	70.13919499999975	70.1301596000012	0.004929	0.0090354	0	-0.281056	0.49743	0.31689	0.58998	11.58757	71	3.05	77	-0.257328	0.41407	0.67026	0.60096	11.8093	71	3.05	77	0.0	0	0.0	0	0.0	0	0.0	0
1	1	0	239	60	192.63585	70.14918799999941	70.14645770000061	0.0049872	0.0027303	0	-0.383808	0.46477	0.31466	0.59043	11.16302	71	3.04	77	-0.361344	0.42192	0.66768	0.60141	11.9516	71	3.18	77	0.0	0	0.0	0	0.0	0	0.0	0
1	1	0	240	60	192.6523	70.16912589999993	70.16290920000029	0.0049617	0.0062167	0	-0.371456	0.44008	0.31432	0.59043	11.48351	71	3.06	77	-0.354976	0.39647	0.66744	0.60397	12.20937	71	4.07	77	0.0	0	0.0	0	0.0	0	0.0	0
1	1	0	241	60	192.66878	70.18409570000222	70.17938700000377	0.004956	0.0047087	0	-0.3464	0.44891	0.31403	0.5899	11.92675	71	2.96	77	-0.355696	0.41778	0.66778	0.60426	12.60378	71	4.04	77	0.0	0	0.0	0	0.0	0	0.0	0
1	1	0	242	60	192.68518	70.19913250000172	70.19578520000141	0.0050513	0.0033473	0	-0.353712	0.3952	0.31383	0.59012	12.06522	71	3.17	77	-0.347184	0.34724	0.66756	0.60309	12.87487	71	3.97	77	0.0	0	0.0	0	0.0	0	0.0	0
1	1	0	243	60	192.7016	70.21897470000113	70.21221270000024	0.0049843	0.006762	0	-0.353712	0.3952	0.31359	0.58955	11.95456	71	3.16	77	-0.347184	0.34724	0.66755	0.60357	12.88658	71	4.21	77	0.0	0	0.0	0	0.0	0	0.0	0
1	1	0	244	60	192.71806	70.2339694000002	70.22867550000228	0.0050173	0.0052939	0	-0.486336	0.44968	0.31127	0.58965	11.57631	71	2.97	77	-0.435104	0.39092	0.66495	0.6009	12.59904	71	3.09	77	0.0	0	0.0	0	0.0	0	0.0	0
1	1	0	249	60	192.73439	70.25388999999996	70.24499740000101	0.0049378	0.0088926	0	-0.620512	0.46415	0.30823	0.59004	11.00453	71	2.86	77	-0.515088	0.43394	0.66139	0.60079	12.28582	71	3.07	77	0.0	0	0.0	0	0.0	0	0.0	0
1	1	0	250	60	192.75093	70.26887050000005	70.26153659999909	0.0049665	0.0073339	0	-0.61304	0.45349	0.30772	0.58977	11.12914	71	3.02	77	-0.5112	0.42282	0.6609	0.6011	12.51829	71	3.28	77	0.0	0	0.0	0	0.0	0	0.0	0
1	1	0	251	60	192.76738	70.28385260000141	70.27798750000147	0.0050176	0.0058651	0	-0.561712	0.44962	0.30703	0.58966	11.3471	71	2.94	77	-0.537024	0.3615	0.65998	0.60056	12.5482	71	3.2	77	0.0	0	0.0	0	0.0	0	0.0	0
1	1	0	252	60	192.78377	70.2987905000009	70.29436590000114	0.0048492	0.0044246	0	-0.522208	0.3984	0.30654	0.58906	11.45851	71	3.02	77	-0.539856	0.36729	0.6598	0.60025	12.74016	71	3.23	77	0.0	0	0.0	0	0.0	0	0.0	0
1	1	0	253	60	192.80013	70.3137573999993	70.31074029999945	0.0049801	0.0030171	0	-0.506608	0.37487	0.30656	0.58904	11.33408	71	3.02	77	-0.530016	0.34296	0.65974	0.59986	12.50345	71	3.24	77	0.0	0	0.0	0	0.0	0	0.0	0
1	1	0	254	60	192.81662	70.33369039999889	70.3272352999993	0.0049813	0.0064551	0	-0.530336	0.35167	0.3058	0.58901	11.33508	71	3.04	77	-0.525504	0.35476	0.6593	0.59979	12.7762	71	3.26	77	0.0	0	0.0	0	0.0	0	0.0	0
1	1	0	255	60	192.83333	70.34863079999923	70.34394790000079	0.0050058	0.0046829	0	-0.498992	0.3521	0.30528	0.5891	11.51635	71	3.03	77	-0.517504	0.33526	0.65852	0.59977	12.50033	71	3.31	77	0.0	0	0.0	0	0.0	0	0.0	0
1	1	0	256	60	192.84952	70.36366249999992	70.36012750000009	0.0050066	0.003535	0	-0.498992	0.3521	0.30506	0.58935	11.33718	71	3.04	77	-0.517504	0.33526	0.65853	0.59985	12.42081	71	3.31	77	0.0	0	0.0	0	0.0	0	0.0	0
1	1	0	257	60	192.86592	70.38358280000102	70.37653410000348	0.0049811	0.0070487	0	-0.499696	0.37743	0.3046	0.58952	11.35816	71	3.02	77	-0.497872	0.34556	0.65805	0.5997	12.78959	71	3.18	77	0.0	0	0.0	0	0.0	0	0.0	0
1	1	0	258	60	192.88228	70.3984913000022	70.39288350000061	0.0049029	0.0056078	0	-0.574416	0.29716	0.30386	0.59079	11.81987	71	3.16	77	-0.560704	0.28612	0.6573	0.60095	12.71192	71	3.38	77	0.0	0	0.0	0	0.0	0	0.0	0
1	1	0	259	60	192.89857	70.41345139999976	70.40918450000026	0.0049822	0.0042669	0	-0.574416	0.29716	0.30355	0.59185	11.82212	71	3.14	77	-0.560704	0.28612	0.65772	0.60428	13.32164	71	4.2	77	0.0	0	0.0	0	0.0	0	0.0	0
1	1	0	260	60	192.91513	70.42848570000206	70.4257299000019	0.0050463	0.0027558	0	-0.587488	0.17453	0.30221	0.59551	12.24349	71	3.19	77	-0.574288	0.18935	0.6564	0.60781	13.42128	71	4.14	77	0.0	0	0.0	0	0.0	0	0.0	0
1	1	0	261	60	192.93143	70.44834850000188	70.44204240000181	0.0049816	0.0063061	0	-0.575712	0.21478	0.30168	0.59612	12.29485	71	3.32	77	-0.553328	0.21319	0.65584	0.60796	13.33015	71	4.23	77	0.0	0	0.0	0	0.0	0	0.0	0
1	1	0	262	60	192.94803	70.46330750000197	70.45862699999998	0.0049668	0.0046805	0	-0.575712	0.21478	0.30175	0.59607	12.26045	71	3.31	77	-0.553328	0.21319	0.65601	0.60882	13.29186	71	4.21	77	0.0	0	0.0	0	0.0	0	0.0	0
1	1	0	263	60	192.96446	70.48330350000106	70.47507509999923	0.0050259	0.0082284	0	-0.574768	0.23516	0.30128	0.597	12.90729	71	3.27	77	-0.562176	0.19987	0.65569	0.60843	12.78938	71	4.16	77	0.0	0	0.0	0	0.0	0	0.0	0
1	1	0	264	60	192.98093	70.49825219999911	70.49154289999933	0.0049344	0.0067093	0	-0.573936	0.24421	0.30113	0.59697	12.61488	71	3.32	77	-0.571024	0.1868	0.65566	0.60834	13.0505	71	4.09	77	0.0	0	0.0	0	0.0	0	0.0	0
1	1	0	265	60	192.99734	70.5132037000003	70.5079396000001	0.0046168	0.0052641	0	-0.581824	0.25349	0.30113	0.59697	12.61488	71	3.32	77	-0.57616	0.19616	0.65561	0.60844	13.19094	71	4.12	77	0.0	0	0.0	0	0.0	0	0.0	0
1	1	0	266	60	193.01373	70.52828140000202	70.5243051000034	0.0051038	0.0039763	0	-0.5792	0.20163	0.30092	0.59769	12.49107	71	3.4	77	-0.573712	0.21928	0.65578	0.60906	13.23928	71	4.09	77	0.0	0	0.0	0	0.0	0	0.0	0
1	1	0	271	60	193.0303	70.54811870000049	70.54091130000234	0.0049767	0.0072074	0	-0.60992	0.21015	0.30089	0.59776	12.7173	71	3.38	77	-0.594448	0.22354	0.6555	0.60929	13.68951	71	4.12	77	0.0	0	0.0	0	0.0	0	0.0	0
1	1	0	272	60	193.04654	70.56303970000226	70.55714760000046	0.004678	0.0058921	0	-0.617936	0.21876	0.30083	0.59792	12.88196	71	3.36	77	-0.59464	0.2239	0.65577	0.60924	13.71549	71	4.08	77	0.0	0	0.0	0	0.0	0	0.0	0
1	1	0	273	60	193.06302	70.57805369999915	70.57362789999752	0.0050343	0.0044258	0	-0.618544	0.24599	0.30066	0.59701	13.2564	71	3.36	77	-0.591824	0.21159	0.65531	0.60829	13.56548	71	4.23	77	0.0	0	0.0	0	0.0	0	0.0	0
1	1	0	274	60	193.07942	70.59313060000204	70.59002860000328	0.0051203	0.003102	0	-0.602064	0.24592	0.3007	0.59707	13.18458	71	3.43	77	-0.580608	0.2007	0.65546	0.60858	13.97699	71	4.22	77	0.0	0	0.0	0	0.0	0	0.0	0
1	1	0	275	60	193.09579	70.6129163000005	70.60640810000041	0.0049884	0.0065082	0	-0.594368	0.23719	0.30072	0.59706	13.16294	71	3.44	77	-0.575632	0.19166	0.65541	0.6086	13.67449	71	4.24	77	0.0	0	0.0	0	0.0	0	0.0	0
1	1	0	276	60	193.11227	70.6279125000001	70.62287409999772	0.0050357	0.0050384	0	-0.603968	0.18281	0.30058	0.59793	13.16287	71	3.38	77	-0.56976	0.2075	0.65558	0.6085	14.06921	71	4.24	77	0.0	0	0.0	0	0.0	0	0.0	0
1	1	0	277	60	193.12872	70.64780460000111	70.63934050000171	0.0049806	0.0084641	0	-0.563568	0.17934	0.30049	0.59806	13.17363	71	3.44	77	-0.596608	0.20871	0.65536	0.60874	14.05278	71	4.24	77	0.0	0	0.0	0	0.0	0	0.0	0
1	1	0	278	60	193.14519	70.65879270000005	70.65579839999918	0.0060005	0.0029943	0	-0.555696	0.17074	0.30049	0.59806	13.17363	71	3.44	77	-0.602544	0.21939	0.65495	0.60872	14.33549	71	4.02	77	0.0	0	0.0	0	0.0	0	0.0	0
1	1	0	279	60	193.16164	70.67874310000116	70.67224940000233	0.0049692	0.0064937	0	-0.552864	0.17737	0.30084	0.60073	13.1761	71	4.18	77	-0.60424	0.16997	0.65468	0.6097	14.45819	71	3.9	77	0.0	0	0.0	0	0.0	0	0.0	0
1	1	0	280	60	193.17799	70.69371130000218	70.68859530000191	0.0049946	0.005116	0	-0.564688	0.12456	0.30101	0.60077	13.29488	71	4.21	77	-0.599536	0.19223	0.65477	0.60903	14.71536	71	4.0	77	0.0	0	0.0	0	0.0	0	0.0	0
1	1	0	281	60	193.19441	70.70867600000201	70.70501660000446	0.0049893	0.0036594	0	-0.581216	0.14128	0.30113	0.60083	13.47172	71	4.18	77	-0.604528	0.20095	0.65488	0.60933	14.68009	71	4.05	77	0.0	0	0.0	0	0.0	0	0.0	0
1	1	0	282	60	193.21072	70.72366460000194	70.72133089999988	0.0050439	0.0023337	0	-0.578864	0.18962	0.30002	0.60002	13.43378	71	3.52	77	-0.599984	0.13218	0.65486	0.61062	14.24382	71	4.14	77	0.0	0	0.0	0	0.0	0	0.0	0
1	1	0	283	60	193.22725	70.74360860000161	70.73786269999982	0.0050319	0.0057459	0	-0.582608	0.17799	0.29975	0.60086	13.4519	71	3.54	77	-0.589376	0.16164	0.65511	0.61047	14.32977	71	3.99	77	0.0	0	0.0	0	0.0	0	0.0	0
1	1	0	284	60	193.24379	70.75963649999903	70.75438589999976	0.0058215	0.0052506	0	-0.573808	0.16863	0.30083	0.60194	13.88629	71	3.89	77	-0.589376	0.16164	0.65489	0.61074	14.46142	71	4.12	77	0.0	0	0.0	0	0.0	0	0.0	0
1	1	0	285	60	193.26013	70.7744715000008	70.7707369000018	0.0049736	0.0037346	0	-0.572688	0.18517	0.30094	0.60161	14.06381	71	4.01	77	-0.618144	0.14113	0.65502	0.61034	14.33972	71	4.08	77	0.0	0	0.0	0	0.0	0	0.0	0
1	1	0	286	60	193.27669	70.79444370000056	70.7873053000003	0.0049843	0.0071384	0	-0.56984	0.23547	0.30087	0.60155	14.07181	71	4.17	77	-0.591424	0.19334	0.655	0.60959	15.12494	71	3.89	77	0.0	0	0.0	0	0.0	0	0.0	0
1	1	0	287	60	193.29297	70.80939020000005	70.80358039999919	0.0048869	0.0058098	0	-0.578592	0.2457	0.30054	0.6011	14.08191	71	4.33	77	-0.597264	0.2037	0.65492	0.6092	14.8886	71	3.97	77	0.0	0	0.0	0	0.0	0	0.0	0
1	1	0	288	60	193.30951	70.82438610000099	70.82012930000201	0.0050402	0.0042568	0	-0.609376	0.24186	0.29975	0.59809	13.65194	71	3.56	77	-0.613232	0.26892	0.65456	0.60821	14.55156	71	4.04	77	0.0	0	0.0	0	0.0	0	0.0	0
1	1	0	289	60	193.32582	70.84435819999999	70.83643379999921	0.0050256	0.0079244	0	-0.619312	0.28224	0.29981	0.59817	13.7196	71	3.59	77	-0.604192	0.27352	0.65406	0.60808	14.65289	71	4.1	77	0.0	0	0.0	0	0.0	0	0.0	0
1	1	0	290	60	193.34232	70.85923890000049	70.85292900000059	0.004937	0.0063099	0	-0.62696	0.29113	0.29982	0.59808	13.6889	71	3.57	77	-0.60344	0.27206	0.65419	0.60836	14.61717	71	4.18	77	0.0	0	0.0	0	0.0	0	0.0	0
1	1	0	291	60	193.35884	70.87420389999897	70.86945959999866	0.0049965	0.0047443	0	-0.618848	0.24563	0.29959	0.5978	13.5958	71	3.58	77	-0.591104	0.25508	0.65415	0.60805	14.55932	71	4.45	77	0.0	0	0.0	0	0.0	0	0.0	0
1	1	0	292	60	193.3752	70.88923440000144	70.8858094999996	0.0050039	0.0034249001	0	-0.622192	0.26256	0.30052	0.59865	14.45402	71	4.02	77	-0.577168	0.26307	0.6543	0.60786	14.46968	71	4.42	77	0.0	0	0.0	0	0.0	0	0.0	0
1	1	0	293	60	193.3916	70.90914410000187	70.90220910000062	0.004945	0.006935	0	-0.613184	0.25238	0.2997	0.5971	13.64088	71	3.61	77	-0.577168	0.26307	0.6542	0.60811	14.49178	71	4.24	77	0.0	0	0.0	0	0.0	0	0.0	0
1	1	0	294	60	193.40802	70.92409989999942	70.91863499999818	0.0050138	0.0054649	0	-0.612464	0.27823	0.29984	0.59699	13.63742	71	3.54	77	-0.64472	0.22147	0.65408	0.6073	14.06282	71	4.48	77	0.0	0	0.0	0	0.0	0	0.0	0
1	1	0	295	60	193.42448	70.93904430000111	70.93508179999844	0.0049511	0.0039625	0	-0.627376	0.26905	0.29974	0.59709	13.60039	71	3.61	77	-0.63824	0.25968	0.65417	0.60753	14.33765	71	4.43	77	0.0	0	0.0	0	0.0	0	0.0	0
1	1	0	296	60	193.44083	70.95398829999976	70.95143920000191	0.004979	0.0025491	0	-0.636416	0.27929	0.29972	0.59706	13.54632	71	3.61	77	-0.644192	0.27047	0.65441	0.60841	14.54274	71	4.22	77	0.0	0	0.0	0	0.0	0	0.0	0
1	1	0	297	60	193.45734	70.97397610000189	70.96794950000185	0.0049979	0.0060266	0	-0.659776	0.30269	0.29976	0.59713	13.5423	71	3.62	77	-0.639216	0.3071	0.65451	0.60842	14.41504	71	4.22	77	0.0	0	0.0	0	0.0	0	0.0	0
1	1	0	298	60	193.47365	70.98895980000088	70.98425090000092	0.0049875	0.0047089	0	-0.656224	0.29212	0.29963	0.59741	13.68082	71	3.5	77	-0.643872	0.26619	0.65433	0.6084	14.60407	71	4.2	77	0.0	0	0.0	0	0.0	0	0.0	0
1	1	0	299	60	193.49025	71.00389690000156	71.0008650000018	0.0050158	0.0030319	0	-0.656224	0.29212	0.29966	0.59748	13.57294	71	3.51	77	-0.643872	0.26619	0.65438	0.60831	14.50205	71	4.21	77	0.0	0	0.0	0	0.0	0	0.0	0
1	1	0	304	60	193.50653	71.0258685000008	71.01713970000128	0.0050719	0.0087288	0	-0.669248	0.28793	0.29932	0.59739	13.30483	71	3.61	77	-0.61976	0.267	0.65418	0.60837	14.57829	71	4.2	77	0.0	0	0.0	0	0.0	0	0.0	0
1	1	0	305	60	193.52299	71.04076859999986	71.03361270000096	0.0049866	0.0071559	0	-0.686512	0.25909	0.29902	0.59761	13.41515	71	3.7	77	-0.630912	0.26124	0.65398	0.60801	14.75162	71	4.28	77	0.0	0	0.0	0	0.0	0	0.0	0
1	1	0	306	60	193.53952	71.05571979999877	71.05012870000064	0.0049042	0.0055911	0	-0.686512	0.25909	0.29907	0.59747	13.5384	71	3.62	77	-0.620144	0.24164	0.65391	0.60805	14.67441	71	4.28	77	0.0	0	0.0	0	0.0	0	0.0	0
1	1	0	307	60	193.55585	71.07071200000064	71.06646150000233	0.0050198	0.0042505	0	-0.668112	0.27285	0.29904	0.59802	13.28137	71	3.48	77	-0.590896	0.26564	0.65406	0.60863	14.72119	71	4.12	77	0.0	0	0.0	0	0.0	0	0.0	0
1	1	0	308	60	193.57219	71.08563180000056	71.08281000000352	0.0049731	0.0028218	0	-0.650736	0.25406	0.29901	0.59817	13.1655	71	3.5	77	-0.591024	0.23133	0.65393	0.60913	14.67623	71	4.16	77	0.0	0	0.0	0	0.0	0	0.0	0
1	1	0	309	60	193.58873	71.10562760000175	71.09934250000151	0.0049594	0.0062851	0	-0.633264	0.23521	0.29901	0.59817	13.1655	71	3.5	77	-0.580128	0.21101	0.65386	0.60911	14.65316	71	4.13	77	0.0	0	0.0	0	0.0	0	0.0	0
1	1	0	310	60	193.60507	71.12057110000023	71.11568940000143	0.0050283	0.0048817	0	-0.556848	0.23766	0.29848	0.59862	13.3172	71	3.51	77	-0.555408	0.19088	0.65374	0.60812	14.08568	71	4.0	77	0.0	0	0.0	0	0.0	0	0.0	0
1	1	0	311	60	193.62166	71.13652749999892	71.13227199999892	0.0047938	0.0042555	0	-0.558	0.1901	0.29845	0.59836	13.41639	71	3.54	77	-0.58048	0.19731	0.65373	0.60836	14.24869	71	3.98	77	0.0	0	0.0	0	0.0	0	0.0	0
1	1	0	312	60	193.63802	71.15154320000147	71.14862800000265	0.0049974	0.0029152	0	-0.550192	0.18138	0.29845	0.59836	13.41639	71	3.54	77	-0.580272	0.19694	0.65362	0.60852	14.49074	71	3.98	77	0.0	0	0.0	0	0.0	0	0.0	0
1	1	0	313	60	193.65451	71.17141869999978	71.16513000000123	0.0049852	0.0062887	0	-0.544672	0.19335	0.29852	0.59857	13.25939	71	3.56	77	-0.555024	0.19015	0.65343	0.60827	14.36653	71	4.09	77	0.0	0	0.0	0	0.0	0	0.0	0
1	1	0	314	60	193.67093	71.18642539999928	71.18154899999718	0.005059	0.0048764	0	-0.528272	0.18521	0.29854	0.59829	13.40451	71	3.6	77	-0.565984	0.20637	0.65365	0.60851	14.74091	71	3.96	77	0.0	0	0.0	0	0.0	0	0.0	0
1	1	0	315	60	193.68735	71.20137109999996	71.19795969999905	0.0049626	0.0034114	0	-0.527968	0.18487	0.29855	0.59838	13.26957	71	3.61	77	-0.565792	0.206	0.65371	0.60847	14.93689	71	3.95	77	0.0	0	0.0	0	0.0	0	0.0	0
1	1	0	316	60	193.70383	71.2213327999998	71.21443629999703	0.005049	0.0068965	0	-0.577328	0.23696	0.29841	0.5986	13.3537	71	3.5	77	-0.57272	0.19156	0.65368	0.6083	14.2933	71	3.97	77	0.0	0	0.0	0	0.0	0	0.0	0
1	1	0	317	60	193.72021	71.23628050000116	71.23082600000271	0.0049764	0.0054545	0	-0.575696	0.24542	0.29831	0.59872	13.44263	71	3.56	77	-0.583456	0.18508	0.65327	0.60834	14.53385	71	3.92	77	0.0	0	0.0	0	0.0	0	0.0	0
1	1	0	318	60	193.73657	71.25122790000023	71.24719080000068	0.0050222	0.0040371	0	-0.5836	0.25471	0.29831	0.59872	13.44263	71	3.56	77	-0.594752	0.2052	0.65317	0.60833	14.55557	71	3.93	77	0.0	0	0.0	0	0.0	0	0.0	0
1	1	0	319	60	193.75301	71.2662522999999	71.26361879999968	0.005044	0.0026335	0	-0.60032	0.27166	0.29837	0.59871	13.35607	71	3.55	77	-0.603168	0.23562	0.65327	0.60834	14.53385	71	3.92	77	0.0	0	0.0	0	0.0	0	0.0	0
1	1	0	320	60	193.76944	71.28712319999977	71.28006099999766	0.0049838	0.0070622	0	-0.602976	0.27968	0.29844	0.5991	13.69157	71	3.57	77	-0.616016	0.22281	0.65344	0.60846	14.63518	71	3.96	77	0.0	0	0.0	0	0.0	0	0.0	0
1	1	0	321	60	193.78589	71.30221449999954	71.29649269999936	0.0050428	0.0057218	0	-0.61184	0.29017	0.29921	0.60104	14.30181	71	4.14	77	-0.62192	0.2333	0.65313	0.60859	14.76902	71	4.08	77	0.0	0	0.0	0	0.0	0	0.0	0
