1	1	0	68	60	1346.23401	47.289090499998565	47.283227500000066	0.0049265	0.005863	0	0.124352	0.66855	0.13457	0.43073	7.11033	71	1.95	77	0.386464	0.66644	0.54223	0.47379	5.6622	71	1.8	77	0.0	0	0.0	0	0.0	0	0.0	22
1	1	0	69	60	1346.25049	47.30405139999857	47.29972279999856	0.0049442	0.0043286	0	0.124352	0.66855	0.13457	0.43073	7.11033	71	1.95	77	0.386464	0.66644	0.54223	0.47379	5.6622	71	1.8	77	0.0	0	0.0	0	0.0	0	0.0	22
1	1	0	70	60	1346.26685	47.32403549999799	47.31611299999713	0.0049705	0.0079225	0	0.124352	0.66855	0.13457	0.43073	7.11033	71	1.95	77	0.386464	0.66644	0.54223	0.47379	5.6622	71	1.8	77	0.0	0	0.0	0	0.0	0	0.0	22
1	1	0	71	60	1346.2832	47.33898649999901	47.3324294999984	0.0050209	0.006557	0	0.124352	0.66855	0.13457	0.43073	7.11033	71	1.95	77	0.386464	0.66644	0.54223	0.47379	5.6622	71	1.8	77	0.0	0	0.0	0	0.0	0	0.0	22
1	1	0	72	60	1346.29968	47.35391560000062	47.34898279999834	0.0048675	0.0049328	0	0.124352	0.66855	0.13457	0.43073	7.11033	71	1.95	77	0.386464	0.66644	0.54223	0.47379	5.6622	71	1.8	77	0.0	0	0.0	0	0.0	0	0.0	22
1	1	0	74	60	1346.31604	47.36891620000097	47.36532630000147	0.0049864	0.0035899	0	0.124352	0.66855	0.13457	0.43073	7.11033	71	1.95	77	0.386464	0.66644	0.54223	0.47379	5.6622	71	1.8	77	0.0	0	0.0	0	0.0	0	0.0	22
1	1	0	75	60	1346.33252	47.38882029999877	47.38176409999869	0.004989	0.0070562	0	0.124352	0.66855	0.13457	0.43073	7.11033	71	1.95	77	0.386464	0.66644	0.54223	0.47379	5.6622	71	1.8	77	0.0	0	0.0	0	0.0	0	0.0	22
1	1	0	76	60	1346.349	47.403783900001145	47.39822080000158	0.0049944	0.0055631	0	0.124352	0.66855	0.13457	0.43073	7.11033	71	1.95	77	0.386464	0.66644	0.54223	0.47379	5.6622	71	1.8	77	0.0	0	0.0	0	0.0	0	0.0	22
1	1	0	77	60	1346.36548	47.418795300000056	47.41472569999678	0.0050033	0.0040696	0	0.124352	0.66855	0.13457	0.43073	7.11033	71	1.95	77	0.386464	0.66644	0.54223	0.47379	5.6622	71	1.8	77	0.0	0	0.0	0	0.0	0	0.0	22
1	1	0	78	60	1346.38171	47.43377150000015	47.43099259999872	0.005007	0.0027789	0	0.124352	0.66855	0.13457	0.43073	7.11033	71	1.95	77	0.386464	0.66644	0.54223	0.47379	5.6622	71	1.8	77	0.0	0	0.0	0	0.0	0	0.0	22
1	1	0	79	60	1346.39819	47.454702399998496	47.4474530999978	0.0050413	0.0072493	0	0.124352	0.66855	0.13457	0.43073	7.11033	71	1.95	77	0.386464	0.66644	0.54223	0.47379	5.6622	71	1.8	77	0.0	0	0.0	0	0.0	0	0.0	22
1	1	0	80	60	1346.41467	47.46965429999909	47.46387609999874	0.004964	0.0057782	0	0.124352	0.66855	0.13457	0.43073	7.11033	71	1.95	77	0.386464	0.66644	0.54223	0.47379	5.6622	71	1.8	77	0.0	0	0.0	0	0.0	0	0.0	22
1	1	0	81	60	1346.43103	47.48461889999817	47.48024289999739	0.0049902	0.004376	0	0.124352	0.66855	0.13457	0.43073	7.11033	71	1.95	77	0.386464	0.66644	0.54223	0.47379	5.6622	71	1.8	77	0.0	0	0.0	0	0.0	0	0.0	22
1	1	0	82	60	1346.44739	47.50554180000108	47.496702400003414	0.0050331	0.0088394	0	0.124352	0.66855	0.05399	0.41384	8.60688	71	3.05	77	0.39088	0.6811	0.47499	0.44644	9.841	71	2.94	77	0.0	0	0.0	0	0.0	0	0.0	0
1	1	0	83	60	1346.46387	47.52049669999906	47.51316140000199	0.0049386	0.0073353	0	-0.038624	0.19347	0.05936	0.41194	9.01941	71	2.61	77	-0.001104	0.15735	0.47699	0.44596	9.10122	71	2.87	77	0.0	0	0.0	0	0.0	0	0.0	0
1	1	0	84	60	1346.48035	47.535488099998474	47.52956410000115	0.0049967	0.005924	0	-0.056832	0.20071	0.06258	0.41311	8.31007	71	2.97	77	-0.013328	0.13318	0.47918	0.44299	8.99367	71	1.93	77	0.0	0	0.0	0	0.0	0	0.0	0
1	1	0	85	60	1346.4967	47.550437599998986	47.5459959999971	0.0049229	0.0044416	0	-0.058752	0.21009	0.06312	0.41326	9.42132	71	2.52	77	-0.013328	0.13318	0.47927	0.44688	9.38282	71	2.77	77	0.0	0	0.0	0	0.0	0	0.0	0
1	1	0	86	60	1346.51306	47.565394500001275	47.5623599999999	0.004993	0.0030345	0	-0.137248	0.21067	0.06672	0.41661	8.42648	71	2.89	77	-0.188128	0.17139	0.48107	0.44749	10.55063	71	2.96	77	0.0	0	0.0	0	0.0	0	0.0	0
1	1	0	87	60	1346.52966	47.5853274000001	47.578873600003135	0.004961	0.0064538	0	-0.165248	0.19788	0.06725	0.41223	8.44372	71	1.95	77	-0.215712	0.14188	0.48139	0.44728	10.69025	71	3.08	77	0.0	0	0.0	0	0.0	0	0.0	0
1	1	0	88	60	1346.54602	47.60127099999954	47.59525930000018	0.0049697	0.0060117	0	-0.16232	0.18858	0.06807	0.41767	8.99865	71	2.94	77	-0.214016	0.13251	0.48119	0.44743	10.93486	71	3.03	77	0.0	0	0.0	0	0.0	0	0.0	0
1	1	0	91	60	1346.5625	47.6162293999987	47.611723099998926	0.0049778	0.0045063	0	-2.053552	0.34163	0.07379	0.41396	6.72692	71	1.7	77	-0.226304	0.16985	0.48531	0.44822	10.57667	71	2.91	77	0.0	0	0.0	0	0.0	0	0.0	0
1	1	0	92	60	1346.57886	47.63117140000031	47.62811199999851	0.0050013	0.0030594	0	-2.053552	0.34163	0.07379	0.41396	6.72692	71	1.7	77	-0.201072	0.20473	0.48711	0.44593	10.05099	71	2.3	77	0.0	0	0.0	0	0.0	0	0.0	20
1	1	0	93	60	1346.59534	47.651124699998036	47.644620099999884	0.0049598	0.0065046	0	-2.053552	0.34163	0.07379	0.41396	6.72692	71	1.7	77	-0.201072	0.20473	0.48793	0.44927	10.87201	71	2.97	77	0.0	0	0.0	0	0.0	0	0.0	20
1	1	0	94	60	1346.61182	47.666111899998214	47.66109249999863	0.004985	0.0050194	0	-2.053552	0.34163	0.07379	0.41396	6.72692	71	1.7	77	-0.201072	0.20473	0.49128	0.44774	10.25277	71	2.19	77	0.0	0	0.0	0	0.0	0	0.0	22
1	1	0	95	60	1346.6283	47.68105360000118	47.67751910000152	0.0049705	0.0035345	0	-2.053552	0.34163	0.07379	0.41396	6.72692	71	1.7	77	-0.201072	0.20473	0.49269	0.44769	10.0917	71	2.22	77	0.0	0	0.0	0	0.0	0	0.0	22
1	1	0	96	60	1346.64453	47.69602749999831	47.693833799996355	0.004991	0.0021937	0	-2.053552	0.34163	0.07379	0.41396	6.72692	71	1.7	77	-0.201072	0.20473	0.49335	0.44719	9.64472	71	2.28	77	0.0	0	0.0	0	0.0	0	0.0	22
1	1	0	97	60	1346.66101	47.71599679999781	47.71028519999527	0.0050285	0.0057116	0	-2.053552	0.34163	0.07379	0.41396	6.72692	71	1.7	77	-0.05368	0.11475	0.49679	0.44687	8.9087	71	2.12	77	0.0	0	0.0	0	0.0	0	0.0	20
1	1	0	98	60	1346.67749	47.730937399999675	47.72679749999952	0.0050172	0.0041399	0	-2.053552	0.34163	0.07379	0.41396	6.72692	71	1.7	77	-0.042416	-0.21822	0.49804	0.44922	9.74679	71	2.3	77	0.0	0	0.0	0	0.0	0	0.0	20
1	1	0	99	60	1346.69385	47.750858600000356	47.7431671000013	0.0049171	0.0076915	0	-2.053552	0.34163	0.07379	0.41396	6.72692	71	1.7	77	-0.046224	-0.45116	0.49832	0.44624	7.58906	71	2.15	77	0.0	0	0.0	0	0.0	0	0.0	20
1	1	0	100	60	1346.71021	47.76594199999818	47.75949530000071	0.0050862	0.0064467	0	-2.053552	0.34163	0.07379	0.41396	6.72692	71	1.7	77	-0.046224	-0.45116	0.49832	0.44624	7.58906	71	2.15	77	0.0	0	0.0	0	0.0	0	0.0	22
1	1	0	101	60	1346.72656	47.780795200000284	47.775890699998854	0.0050014	0.0049045	0	-2.053552	0.34163	0.07379	0.41396	6.72692	71	1.7	77	-0.046224	-0.45116	0.49832	0.44624	7.58906	71	2.15	77	0.0	0	0.0	0	0.0	0	0.0	22
1	1	0	102	60	1346.74316	47.79573529999834	47.79242339999837	0.0049407	0.0033119	0	-2.053552	0.34163	0.07379	0.41396	6.72692	71	1.7	77	-0.046224	-0.45116	0.49832	0.44624	7.58906	71	2.15	77	0.0	0	0.0	0	0.0	0	0.0	22
1	1	0	103	60	1346.75952	47.81169299999965	47.808794900000066	0.0059474	0.0028981	0	-2.053552	0.34163	0.07379	0.41396	6.72692	71	1.7	77	-0.046224	-0.45116	0.49832	0.44624	7.58906	71	2.15	77	0.0	0	0.0	0	0.0	0	0.0	22
1	1	0	104	60	1346.776	47.83167440000034	47.82531929999823	0.0050271	0.0063551	0	-2.053552	0.34163	0.07379	0.41396	6.72692	71	1.7	77	-0.046224	-0.45116	0.49832	0.44624	7.58906	71	2.15	77	0.0	0	0.0	0	0.0	0	0.0	22
1	1	0	105	60	1346.79248	47.84661589999814	47.841747399997985	0.0049831	0.0048685	0	-2.053552	0.34163	0.07379	0.41396	6.72692	71	1.7	77	-0.046224	-0.45116	0.49832	0.44624	7.58906	71	2.15	77	0.0	0	0.0	0	0.0	0	0.0	22
1	1	0	106	60	1346.80896	47.86160799999925	47.85817629999656	0.0050014	0.0034317	0	-2.053552	0.34163	0.07379	0.41396	6.72692	71	1.7	77	-0.046224	-0.45116	0.49832	0.44624	7.58906	71	2.15	77	0.0	0	0.0	0	0.0	0	0.0	22
1	1	0	107	60	1346.82544	47.88155280000137	47.87465639999937	0.0049846	0.0068964	0	-2.053552	0.34163	0.07379	0.41396	6.72692	71	1.7	77	-0.046224	-0.45116	0.49832	0.44624	7.58906	71	2.15	77	0.0	0	0.0	0	0.0	0	0.0	22
1	1	0	108	60	1346.8418	47.89650289999918	47.89104859999861	0.005012	0.0054543	0	-2.053552	0.34163	0.07379	0.41396	6.72692	71	1.7	77	-0.046224	-0.45116	0.49832	0.44624	7.58906	71	2.15	77	0.0	0	0.0	0	0.0	0	0.0	22
1	1	0	109	60	1346.85815	47.911444199999096	47.90737159999844	0.0049839998	0.0040726	0	-2.053552	0.34163	0.07379	0.41396	6.72692	71	1.7	77	-0.046224	-0.45116	0.49832	0.44624	7.58906	71	2.15	77	0.0	0	0.0	0	0.0	0	0.0	22
1	1	0	110	60	1346.87451	47.927423799999815	47.923821399999724	0.0049842	0.0036024	0	-2.053552	0.34163	0.07379	0.41396	6.72692	71	1.7	77	-0.046224	-0.45116	0.49832	0.44624	7.58906	71	2.15	77	0.0	0	0.0	0	0.0	0	0.0	22
1	1	0	111	60	1346.89099	47.94736669999838	47.94022849999601	0.0049618	0.0071382	0	-2.053552	0.34163	0.07379	0.41396	6.72692	71	1.7	77	-0.046224	-0.45116	0.49832	0.44624	7.58906	71	2.15	77	0.0	0	0.0	0	0.0	0	0.0	22
1	1	0	112	60	1346.90747	47.96235979999983	47.95674869999857	0.0050012	0.0056111002	0	-2.053552	0.34163	0.07379	0.41396	6.72692	71	1.7	77	-0.046224	-0.45116	0.49832	0.44624	7.58906	71	2.15	77	0.0	0	0.0	0	0.0	0	0.0	22
1	1	0	113	60	1346.92395	47.9772997	47.97316829999909	0.0049737	0.0041314	0	-2.053552	0.34163	0.07379	0.41396	6.72692	71	1.7	77	-0.046224	-0.45116	0.49832	0.44624	7.58906	71	2.15	77	0.0	0	0.0	0	0.0	0	0.0	22
1	1	0	114	60	1346.94031	47.99325549999776	47.98959669999749	0.0049783	0.0036588	0	-2.053552	0.34163	0.07379	0.41396	6.72692	71	1.7	77	-0.046224	-0.45116	0.49832	0.44624	7.58906	71	2.15	77	0.0	0	0.0	0	0.0	0	0.0	22
1	1	0	115	60	1346.95667	48.008251799998106	48.00599289999809	0.0050725	0.0022589	0	-2.053552	0.34163	0.07379	0.41396	6.72692	71	1.7	77	-0.046224	-0.45116	0.49832	0.44624	7.58906	71	2.15	77	0.0	0	0.0	0	0.0	0	0.0	22
1	1	0	116	60	1346.97314	48.02815470000132	48.02246730000115	0.0049737	0.0056874	0	-2.053552	0.34163	0.07379	0.41396	6.72692	71	1.7	77	-0.046224	-0.45116	0.49832	0.44624	7.58906	71	2.15	77	0.0	0	0.0	0	0.0	0	0.0	22
1	1	0	117	60	1346.9895	48.04309640000065	48.038824499999464	0.0049817	0.0042719	0	-2.053552	0.34163	0.07379	0.41396	6.72692	71	1.7	77	-0.046224	-0.45116	0.49832	0.44624	7.58906	71	2.15	77	0.0	0	0.0	0	0.0	0	0.0	22
1	1	0	118	60	1347.00598	48.063017799999216	48.05530199999703	0.0048759	0.0077158	0	-2.053552	0.34163	0.07379	0.41396	6.72692	71	1.7	77	-0.046224	-0.45116	0.49832	0.44624	7.58906	71	2.15	77	0.0	0	0.0	0	0.0	0	0.0	22
1	1	0	119	60	1347.02246	48.078002999998716	48.07174849999865	0.0050176	0.0062545	0	-2.053552	0.34163	0.07379	0.41396	6.72692	71	1.7	77	-0.046224	-0.45116	0.49832	0.44624	7.58906	71	2.15	77	0.0	0	0.0	0	0.0	0	0.0	22
1	1	0	120	60	1347.03894	48.092974799998046	48.088227299998834	0.0049541	0.0047475	0	-2.053552	0.34163	0.07379	0.41396	6.72692	71	1.7	77	-0.046224	-0.45116	0.49832	0.44624	7.58906	71	2.15	77	0.0	0	0.0	0	0.0	0	0.0	22
1	1	0	121	60	1347.05542	48.11290580000059	48.10465770000155	0.0049052	0.0082481	0	-2.053552	0.34163	0.07379	0.41396	6.72692	71	1.7	77	-0.046224	-0.45116	0.49832	0.44624	7.58906	71	2.15	77	0.0	0	0.0	0	0.0	0	0.0	22
1	1	0	122	60	1347.07178	48.12784399999873	48.12101619999885	0.0049449	0.0068278	0	-2.053552	0.34163	0.07379	0.41396	6.72692	71	1.7	77	-0.046224	-0.45116	0.49832	0.44624	7.58906	71	2.15	77	0.0	0	0.0	0	0.0	0	0.0	22
1	1	0	123	60	1347.08826	48.14284309999857	48.13749679999819	0.0050063	0.0053463	0	-2.053552	0.34163	0.07379	0.41396	6.72692	71	1.7	77	-0.046224	-0.45116	0.49832	0.44624	7.58906	71	2.15	77	0.0	0	0.0	0	0.0	0	0.0	22
1	1	0	124	60	1347.10461	48.15780570000061	48.15387869999904	0.0049805	0.003927	0	-2.053552	0.34163	0.07379	0.41396	6.72692	71	1.7	77	-0.046224	-0.45116	0.49832	0.44624	7.58906	71	2.15	77	0.0	0	0.0	0	0.0	0	0.0	22
1	1	0	125	60	1347.12097	48.177713699999	48.170267599998624	0.0048671	0.0074461	0	-2.053552	0.34163	0.07379	0.41396	6.72692	71	1.7	77	-0.046224	-0.45116	0.49832	0.44624	7.58906	71	2.15	77	0.0	0	0.0	0	0.0	0	0.0	22
1	1	0	126	60	1347.13745	48.19272170000113	48.18676040000355	0.0050387	0.0059613	0	-2.053552	0.34163	0.07379	0.41396	6.72692	71	1.7	77	-0.046224	-0.45116	0.49832	0.44624	7.58906	71	2.15	77	0.0	0	0.0	0	0.0	0	0.0	22
1	1	0	127	60	1347.15393	48.207715100001224	48.203209600000264	0.0049423	0.0045055	0	-2.053552	0.34163	0.07379	0.41396	6.72692	71	1.7	77	-0.046224	-0.45116	0.49832	0.44624	7.58906	71	2.15	77	0.0	0	0.0	0	0.0	0	0.0	22
1	1	0	128	60	1347.17029	48.227614299998095	48.219588099997054	0.0049236	0.0080262	0	-2.053552	0.34163	0.07379	0.41396	6.72692	71	1.7	77	-0.046224	-0.45116	0.49832	0.44624	7.58906	71	2.15	77	0.0	0	0.0	0	0.0	0	0.0	22
1	1	0	129	60	1347.18665	48.23855700000058	48.235972700000275	0.00488	0.0025843	0	-2.053552	0.34163	0.07379	0.41396	6.72692	71	1.7	77	-0.046224	-0.45116	0.49832	0.44624	7.58906	71	2.15	77	0.0	0	0.0	0	0.0	0	0.0	22
1	1	0	130	60	1347.20312	48.25852970000051	48.25241710000046	0.0050287	0.0061126	0	-2.053552	0.34163	0.07379	0.41396	6.72692	71	1.7	77	-0.046224	-0.45116	0.49832	0.44624	7.58906	71	2.15	77	0.0	0	0.0	0	0.0	0	0.0	22
1	1	0	131	60	1347.2196	48.273524299998826	48.268858600000385	0.0050578	0.0046657	0	-2.053552	0.34163	0.07379	0.41396	6.72692	71	1.7	77	-0.046224	-0.45116	0.49832	0.44624	7.58906	71	2.15	77	0.0	0	0.0	0	0.0	0	0.0	22
1	1	0	132	60	1347.23608	48.29341890000069	48.28535140000167	0.0049527	0.0080675	0	-0.37456	-0.44169	0.07704	0.34153	10.72265	71	2.29	77	-0.046224	-0.45116	0.48079	0.33467	9.79342	71	2.27	77	0.0	0	0.0	0	0.0	0	0.0	0
1	1	0	133	60	1347.25244	48.30840619999799	48.3017540999972	0.0050091	0.0066521	0	-0.37456	-0.44169	0.07837	0.34495	10.16314	71	2.32	77	-0.046224	-0.45116	0.48251	0.33928	9.3089	71	2.23	77	0.0	0	0.0	0	0.0	0	0.0	22
1	1	0	134	60	1347.2688	48.32335199999943	48.31812540000101	0.0049877	0.0052266	0	-0.37456	-0.44169	0.08644	0.34752	10.85828	71	2.44	77	-0.046224	-0.45116	0.48999	0.34465	9.01323	71	2.39	77	0.0	0	0.0	0	0.0	0	0.0	22
1	1	0	135	60	1347.28528	48.34428399999888	48.334576900000684	0.0049993	0.0097071	0	-0.37456	-0.44169	0.08672	0.34771	10.74664	71	2.35	77	-0.046224	-0.45116	0.49121	0.34594	9.22413	71	2.35	77	0.0	0	0.0	0	0.0	0	0.0	22
1	1	0	136	60	1347.30176	48.35523860000103	48.35105480000129	0.0049558	0.0041838	0	-0.17408	-1.07909	0.1002	0.35426	10.95143	71	2.4	77	-0.046224	-0.45116	0.50306	0.35786	8.91021	71	2.11	77	0.0	0	0.0	0	0.0	0	0.0	2
1	1	0	137	60	1347.31824	48.375232599999435	48.367527500002325	0.0049645	0.0077051	0	-0.029536	-1.05964	0.10136	0.3556	11.01589	71	2.4	77	-0.046224	-0.45116	0.50527	0.36272	8.8145	71	2.26	77	0.0	0	0.0	0	0.0	0	0.0	2
1	1	0	138	60	1347.33459	48.39018639999995	48.38381799999843	0.0049588	0.0063684	0	-0.029536	-1.05964	0.10145	0.35577	10.92006	71	2.38	77	-0.046224	-0.45116	0.50608	0.36364	10.02449	71	2.22	77	0.0	0	0.0	0	0.0	0	0.0	2
1	1	0	139	60	1347.35107	48.410091300000204	48.4004031000004	0.0049236	0.0096882	0	-0.029536	-1.05964	0.10612	0.35894	10.89727	71	2.43	77	-0.06	-0.9613	0.51047	0.37217	9.71941	71	2.16	77	0.0	0	0.0	0	0.0	0	0.0	20
1	1	0	144	60	1347.36743	48.42507879999903	48.41674299999795	0.004985	0.0083358	0	0.003456	-1.01891	0.10888	0.36	11.16546	71	2.46	77	0.016656	-0.48525	0.51373	0.3767	9.21138	71	2.15	77	0.0	0	0.0	0	0.0	0	0.0	0
1	1	0	145	60	1347.38379	48.44005140000081	48.43310760000168	0.0049977	0.0069438	0	0.003456	-1.01891	0.10914	0.35987	10.97629	71	2.39	77	0.016656	-0.48525	0.51437	0.37783	9.78415	71	2.21	77	0.0	0	0.0	0	0.0	0	0.0	0
1	1	0	146	60	1347.40027	48.45498819999921	48.44955470000059	0.0049663	0.0054335	0	0.043344	-0.99572	0.11517	0.36151	10.92461	71	2.45	77	0.018784	-0.47721	0.52036	0.38502	9.6858	71	2.17	77	0.0	0	0.0	0	0.0	0	0.0	0
1	1	0	147	60	1347.41675	48.47493349999786	48.46606199999587	0.0049853	0.0088715	0	0.078976	-0.98658	0.11835	0.36263	11.30455	71	2.42	77	0.009088	-0.4796	0.5237	0.38924	9.31682	71	2.13	77	0.0	0	0.0	0	0.0	0	0.0	0
1	1	0	148	60	1347.43311	48.48989810000057	48.48240209999858	0.0049797	0.007496	0	0.078976	-0.98658	0.11869	0.3625	11.13117	71	2.31	77	0.009088	-0.4796	0.52453	0.39042	9.5991	71	2.26	77	0.0	0	0.0	0	0.0	0	0.0	0
1	1	0	149	60	1347.44958	48.5048526999999	48.49885610000274	0.0048574	0.0059966	0	0.078976	-0.98658	0.12444	0.36301	10.31199	71	2.5	77	0.013648	-0.47147	0.53045	0.39538	10.07766	71	2.15	77	0.0	0	0.0	0	0.0	0	0.0	20
1	1	0	150	60	1347.46619	48.51979890000075	48.51544340000328	0.0049399	0.0043555	0	0.160944	-0.44814	0.1271	0.36651	11.1687	71	3.4	77	0.011936	-0.4664	0.53276	0.3978	9.52836	71	2.21	77	0.0	0	0.0	0	0.0	0	0.0	0
1	1	0	151	60	1347.48254	48.53974440000093	48.53178190000108	0.0049474	0.0079625	0	0.171808	-0.34313	0.12783	0.36272	10.67626	71	2.38	77	0.06872	-0.24958	0.53244	0.40503	10.1034	71	3.68	77	0.0	0	0.0	0	0.0	0	0.0	0
1	1	0	152	60	1347.4989	48.55470459999924	48.54817479999838	0.0049453	0.0065298	0	0.181872	-0.13174	0.13236	0.362	10.81094	71	2.32	77	0.114016	-0.04731	0.53806	0.40306	9.43736	71	2.17	77	0.0	0	0.0	0	0.0	0	0.0	0
1	1	0	153	60	1347.51526	48.56968079999933	48.5645528999994	0.0049769	0.0051279	0	0.213744	0.07098	0.13429	0.3644	10.81501	71	3.05	77	0.163328	0.14801	0.54069	0.40491	8.76598	71	2.18	77	0.0	0	0.0	0	0.0	0	0.0	0
1	1	0	154	60	1347.53174	48.589678399999684	48.58099299999958	0.0050479	0.0086854	0	0.230464	0.29088	0.13451	0.36502	10.27858	71	3.35	77	0.218016	0.37593	0.54111	0.40658	8.39697	71	2.25	77	0.0	0	0.0	0	0.0	0	0.0	0
1	1	0	155	60	1347.5481	48.60457939999833	48.59738269999798	0.0049904	0.0071967	0	0.226496	0.41261	0.13827	0.36398	10.18575	71	3.85	77	0.225392	0.34106	0.54451	0.41005	7.7699	71	2.02	77	0.0	0	0.0	0	0.0	0	0.0	0
1	1	0	156	60	1347.56458	48.619531799999095	48.613856200001464	0.0047027	0.0056756	0	0.254896	0.35422	0.13939	0.36271	9.98662	71	2.4	77	0.225392	0.34106	0.54451	0.41005	7.7699	71	2.02	77	0.0	0	0.0	0	0.0	0	0.0	2
1	1	0	157	60	1347.58105	48.63455400000021	48.63027840000359	0.0050124	0.0042756	0	0.256688	0.37636	0.14013	0.36728	10.23669	71	3.27	77	0.225392	0.34106	0.54451	0.41005	7.7699	71	2.02	77	0.0	0	0.0	0	0.0	0	0.0	2
1	1	0	158	60	1347.59753	48.64948060000097	48.64674830000149	0.0049775	0.0027323	0	0.277872	0.15532	0.1461	0.37041	9.21993	71	2.17	77	0.225392	0.34106	0.54451	0.41005	7.7699	71	2.02	77	0.0	0	0.0	0	0.0	0	0.0	2
1	1	0	159	60	1347.61389	48.669448900000134	48.66312299999845	0.0050077	0.0063259	0	0.277376	0.21611	0.14588	0.3762	9.87716	71	3.21	77	0.225392	0.34106	0.54451	0.41005	7.7699	71	2.02	77	0.0	0	0.0	0	0.0	0	0.0	2
1	1	0	160	60	1347.63025	48.68442199999845	48.67951589999939	0.005051	0.0049061	0	0.277376	0.21611	0.14674	0.37568	10.42002	71	2.94	77	0.225392	0.34106	0.54451	0.41005	7.7699	71	2.02	77	0.0	0	0.0	0	0.0	0	0.0	2
1	1	0	161	60	1347.64661	48.70033770000009	48.695875699999306	0.0060039	0.004462	0	0.19128	0.14424	0.1492	0.37803	10.10651	71	3.12	77	0.225392	0.34106	0.54451	0.41005	7.7699	71	2.02	77	0.0	0	0.0	0	0.0	0	0.0	2
1	1	0	162	60	1347.66309	48.715280899999925	48.712360100002115	0.0050013	0.0029208	0	0.243216	0.12208	0.14953	0.37907	10.00434	71	3.0	77	0.225392	0.34106	0.54451	0.41005	7.7699	71	2.02	77	0.0	0	0.0	0	0.0	0	0.0	2
1	1	0	167	60	1347.67957	48.73527370000011	48.72881559999951	0.0050462	0.0064581	0	0.243216	0.12208	0.15024	0.37899	10.19011	71	2.92	77	0.225392	0.34106	0.54451	0.41005	7.7699	71	2.02	77	0.0	0	0.0	0	0.0	0	0.0	2
1	1	0	168	60	1347.69604	48.750186099998245	48.74531559999741	0.0049705	0.0048705	0	0.215536	-0.16368	0.151	0.38493	7.78862	71	2.44	77	0.225392	0.34106	0.54451	0.41005	7.7699	71	2.02	77	0.0	0	0.0	0	0.0	0	0.0	2
1	1	0	169	60	1347.71252	48.767148399998405	48.76176229999692	0.0069905	0.0053861	0	0.225872	-0.33321	0.15112	0.38764	7.11079	71	2.25	77	0.225392	0.34106	0.54451	0.41005	7.7699	71	2.02	77	0.0	0	0.0	0	0.0	0	0.0	2
1	1	0	170	60	1347.72888	48.78312089999963	48.77816470000107	0.0059729	0.0049562	0	0.225872	-0.33321	0.15097	0.38659	6.76807	71	1.93	77	0.225392	0.34106	0.54451	0.41005	7.7699	71	2.02	77	0.0	0	0.0	0	0.0	0	0.0	2
1	1	0	171	60	1347.74536	48.798053899998195	48.79467819999627	0.0049876	0.0033757	0	0.225872	-0.33321	0.15097	0.38659	6.76807	71	1.93	77	0.225392	0.34106	0.54451	0.41005	7.7699	71	2.02	77	0.0	0	0.0	0	0.0	0	0.0	22
1	1	0	172	60	1347.76184	48.81899859999976	48.81105430000025	0.0049873	0.0079443	0	0.225872	-0.33321	0.15097	0.38659	6.76807	71	1.93	77	0.225392	0.34106	0.54451	0.41005	7.7699	71	2.02	77	0.0	0	0.0	0	0.0	0	0.0	22
1	1	0	173	60	1347.7782	48.83397989999867	48.827451199998904	0.0050211	0.0065287	0	0.225872	-0.33321	0.15097	0.38659	6.76807	71	1.93	77	0.225392	0.34106	0.54451	0.41005	7.7699	71	2.02	77	0.0	0	0.0	0	0.0	0	0.0	22
1	1	0	174	60	1347.79456	48.84892860000036	48.84381790000043	0.0049853	0.0051107	0	0.225872	-0.33321	0.15097	0.38659	6.76807	71	1.93	77	0.225392	0.34106	0.54451	0.41005	7.7699	71	2.02	77	0.0	0	0.0	0	0.0	0	0.0	22
1	1	0	175	60	1347.81104	48.86388430000079	48.86024760000146	0.0050016	0.0036367	0	0.225872	-0.33321	0.15097	0.38659	6.76807	71	1.93	77	0.225392	0.34106	0.54451	0.41005	7.7699	71	2.02	77	0.0	0	0.0	0	0.0	0	0.0	22
1	1	0	176	60	1347.82739	48.87886839999919	48.87660529999994	0.005018	0.0022631	0	0.225872	-0.33321	0.15097	0.38659	6.76807	71	1.93	77	0.225392	0.34106	0.54451	0.41005	7.7699	71	2.02	77	0.0	0	0.0	0	0.0	0	0.0	22
1	1	0	177	60	1347.84387	48.89980989999822	48.89312279999649	0.0050322	0.0066871	0	0.225872	-0.33321	0.15097	0.38659	6.76807	71	1.93	77	0.225392	0.34106	0.54451	0.41005	7.7699	71	2.02	77	0.0	0	0.0	0	0.0	0	0.0	22
1	1	0	178	60	1347.86011	48.91475939999873	48.909429100000125	0.0050098	0.0053303	0	0.225872	-0.33321	0.15097	0.38659	6.76807	71	1.93	77	0.225392	0.34106	0.54451	0.41005	7.7699	71	2.02	77	0.0	0	0.0	0	0.0	0	0.0	22
1	1	0	179	60	1347.87683	48.929740200001106	48.926056000000244	0.0049555	0.0036842	0	0.225872	-0.33321	0.15097	0.38659	6.76807	71	1.93	77	0.225392	0.34106	0.54451	0.41005	7.7699	71	2.02	77	0.0	0	0.0	0	0.0	0	0.0	22
1	1	0	180	60	1347.89319	48.94468649999908	48.942431299998134	0.0050087	0.0022552	0	0.225872	-0.33321	0.15097	0.38659	6.76807	71	1.93	77	0.225392	0.34106	0.54451	0.41005	7.7699	71	2.02	77	0.0	0	0.0	0	0.0	0	0.0	22
1	1	0	181	60	1347.90955	48.965580000000045	48.958871999999246	0.0049086	0.006708	0	0.225872	-0.33321	0.15097	0.38659	6.76807	71	1.93	77	0.225392	0.34106	0.54451	0.41005	7.7699	71	2.02	77	0.0	0	0.0	0	0.0	0	0.0	22
1	1	0	182	60	1347.92603	48.98056910000014	48.975278300000355	0.0049654	0.0052908	0	0.225872	-0.33321	0.15097	0.38659	6.76807	71	1.93	77	0.225392	0.34106	0.54451	0.41005	7.7699	71	2.02	77	0.0	0	0.0	0	0.0	0	0.0	22
1	1	0	183	60	1347.94238	48.99555930000133	48.991594500002975	0.0050223	0.0039648	0	0.225872	-0.33321	0.15097	0.38659	6.76807	71	1.93	77	0.225392	0.34106	0.54451	0.41005	7.7699	71	2.02	77	0.0	0	0.0	0	0.0	0	0.0	22
1	1	0	184	60	1347.95898	49.010524799999985	49.00819530000081	0.0049659	0.0023295	0	0.225872	-0.33321	0.15097	0.38659	6.76807	71	1.93	77	0.225392	0.34106	0.54451	0.41005	7.7699	71	2.02	77	0.0	0	0.0	0	0.0	0	0.0	22
1	1	0	185	60	1347.97534	49.031489500001044	49.02455380000174	0.0050077	0.0069357	0	0.225872	-0.33321	0.15097	0.38659	6.76807	71	1.93	77	0.225392	0.34106	0.54451	0.41005	7.7699	71	2.02	77	0.0	0	0.0	0	0.0	0	0.0	22
1	1	0	186	60	1347.9917	49.0464635999997	49.040997200001584	0.0050629	0.0054664	0	0.225872	-0.33321	0.15097	0.38659	6.76807	71	1.93	77	0.225392	0.34106	0.54451	0.41005	7.7699	71	2.02	77	0.0	0	0.0	0	0.0	0	0.0	22
1	1	0	187	60	1348.00806	49.061335399997915	49.05733669999972	0.0049801	0.0039987	0	0.225872	-0.33321	0.15097	0.38659	6.76807	71	1.93	77	0.225392	0.34106	0.54451	0.41005	7.7699	71	2.02	77	0.0	0	0.0	0	0.0	0	0.0	22
1	1	0	188	60	1348.02454	49.07630290000088	49.07384530000127	0.0050124	0.0024576	0	0.225872	-0.33321	0.15097	0.38659	6.76807	71	1.93	77	0.225392	0.34106	0.54451	0.41005	7.7699	71	2.02	77	0.0	0	0.0	0	0.0	0	0.0	22
1	1	0	189	60	1348.04102	49.096283799997764	49.09032929999739	0.005015	0.0059545	0	0.225872	-0.33321	0.15097	0.38659	6.76807	71	1.93	77	0.225392	0.34106	0.54451	0.41005	7.7699	71	2.02	77	0.0	0	0.0	0	0.0	0	0.0	22
1	1	0	190	60	1348.0575	49.11127409999972	49.106784499999776	0.0050207	0.0044896	0	0.225872	-0.33321	0.15097	0.38659	6.76807	71	1.93	77	0.225392	0.34106	0.54451	0.41005	7.7699	71	2.02	77	0.0	0	0.0	0	0.0	0	0.0	22
1	1	0	191	60	1348.07397	49.1311624000009	49.1232373999992	0.0049219	0.007925	0	0.225872	-0.33321	0.15097	0.38659	6.76807	71	1.93	77	0.225392	0.34106	0.54451	0.41005	7.7699	71	2.02	77	0.0	0	0.0	0	0.0	0	0.0	22
1	1	0	192	60	1348.09021	49.1461718999999	49.13949739999953	0.0050025	0.0066745	0	0.225872	-0.33321	0.15097	0.38659	6.76807	71	1.93	77	0.225392	0.34106	0.54451	0.41005	7.7699	71	2.02	77	0.0	0	0.0	0	0.0	0	0.0	22
1	1	0	193	60	1348.10669	49.16105329999846	49.15593559999979	0.0049292	0.0051177	0	0.225872	-0.33321	0.15097	0.38659	6.76807	71	1.93	77	0.225392	0.34106	0.54451	0.41005	7.7699	71	2.02	77	0.0	0	0.0	0	0.0	0	0.0	22
1	1	0	194	60	1348.12317	49.17603099999906	49.17241379999905	0.0049914	0.0036172	0	0.225872	-0.33321	0.15097	0.38659	6.76807	71	1.93	77	0.225392	0.34106	0.54451	0.41005	7.7699	71	2.02	77	0.0	0	0.0	0	0.0	0	0.0	22
1	1	0	195	60	1348.13953	49.19599340000059	49.18884329999855	0.0049295	0.0071501	0	0.225872	-0.33321	0.15097	0.38659	6.76807	71	1.93	77	0.225392	0.34106	0.54451	0.41005	7.7699	71	2.02	77	0.0	0	0.0	0	0.0	0	0.0	22
1	1	0	196	60	1348.15601	49.2109418	49.2052397999978	0.0049382	0.005702	0	0.225872	-0.33321	0.15097	0.38659	6.76807	71	1.93	77	0.225392	0.34106	0.54451	0.41005	7.7699	71	2.02	77	0.0	0	0.0	0	0.0	0	0.0	22
1	1	0	197	60	1348.17249	49.225944300000265	49.221762000001036	0.0049418	0.0041823	0	0.225872	-0.33321	0.15097	0.38659	6.76807	71	1.93	77	0.225392	0.34106	0.54451	0.41005	7.7699	71	2.02	77	0.0	0	0.0	0	0.0	0	0.0	22
1	1	0	198	60	1348.18884	49.24589410000044	49.23814830000265	0.0049879	0.0077458	0	0.747136	-0.20537	0.21014	0.40759	9.4758	71	2.82	77	0.225392	0.34106	0.619	0.50008	8.08877	71	2.21	77	0.0	0	0.0	0	0.0	0	0.0	2
1	1	0	199	60	1348.20532	49.26083160000053	49.25457670000105	0.0049174	0.0062549	0	0.8152	-0.23726	0.21135	0.40878	9.78241	71	2.86	77	0.225392	0.34106	0.62042	0.50203	8.0277	71	2.41	77	0.0	0	0.0	0	0.0	0	0.0	2
1	1	0	200	60	1348.22168	49.27579279999918	49.270988399999624	0.0050123	0.0048044	0	0.8152	-0.23726	0.21073	0.4093	9.87883	71	3.25	77	0.225392	0.34106	0.62061	0.5033	8.92049	71	2.24	77	0.0	0	0.0	0	0.0	0	0.0	2
1	1	0	201	60	1348.23816	49.29075770000054	49.28737390000242	0.0049475	0.0033838	0	0.744976	-0.22708	0.21467	0.40947	9.86805	71	2.92	77	0.225392	0.34106	0.62288	0.50786	9.92379	71	2.32	77	0.0	0	0.0	0	0.0	0	0.0	2
1	1	0	206	60	1348.25452	49.310734499998944	49.30377210000006	0.0049984	0.0069624	0	0.70352	-0.20201	0.21463	0.41136	9.7511	71	3.01	77	0.720784	-0.19843	0.62201	0.51194	10.30559	71	3.04	77	0.0	0	0.0	0	0.0	0	0.0	0
1	1	0	207	60	1348.271	49.32572359999904	49.3202941999989	0.005028	0.0054294	0	0.697968	-0.20708	0.21526	0.41193	10.45514	71	3.11	77	0.7052	-0.20832	0.62248	0.51296	10.9247	71	3.13	77	0.0	0	0.0	0	0.0	0	0.0	0
1	1	0	208	60	1348.28748	49.34163450000051	49.33669670000381	0.0050186	0.0049378	0	0.665936	-0.24428	0.21594	0.41368	10.38452	71	3.0	77	0.696816	-0.23851	0.62567	0.51389	10.0907	71	2.5	77	0.0	0	0.0	0	0.0	0	0.0	0
1	1	0	209	60	1348.30396	49.356561199998396	49.353228499996476	0.0049319	0.0033327	0	0.659088	-0.19317	0.21667	0.4144	10.3995	71	3.17	77	0.677312	-0.22592	0.62607	0.516	10.15259	71	2.45	77	0.0	0	0.0	0	0.0	0	0.0	0
1	1	0	210	60	1348.32031	49.37751389999903	49.36957310000071	0.0049975	0.0079408	0	0.648544	-0.20382	0.21668	0.41415	10.49201	71	3.1	77	0.6616	-0.23592	0.62452	0.51773	10.81421	71	3.15	77	0.0	0	0.0	0	0.0	0	0.0	0
1	1	0	211	60	1348.33667	49.392510999998194	49.38597540000046	0.0049286	0.0065356	0	0.698592	-0.27953	0.21588	0.41638	10.25213	71	3.0	77	0.66456	-0.2368	0.62395	0.52087	11.03234	71	3.07	77	0.0	0	0.0	0	0.0	0	0.0	0
1	1	0	212	60	1348.35327	49.40742390000014	49.40252939999846	0.0049208	0.0048945	0	0.69328	-0.17901	0.21553	0.41655	10.69925	71	2.89	77	0.63784	-0.25036	0.62364	0.52125	10.96934	71	3.24	77	0.0	0	0.0	0	0.0	0	0.0	0
1	1	0	213	60	1348.36951	49.422379499999806	49.418772299999546	0.0049245	0.0036072	0	0.69328	-0.17901	0.21532	0.4164	10.565	71	3.1	77	0.63784	-0.25036	0.62355	0.52076	10.72769	71	3.34	77	0.0	0	0.0	0	0.0	0	0.0	0
1	1	0	214	60	1348.38599	49.44237019999855	49.43530989999999	0.0050568	0.0070603	0	0.52096	-0.24317	0.21099	0.41757	10.34837	71	2.52	77	0.475968	-0.23977	0.61899	0.52267	10.56288	71	3.04	77	0.0	0	0.0	0	0.0	0	0.0	0
1	1	0	215	60	1348.40259	49.45731599999999	49.451852499998495	0.0050417	0.0054635	0	0.52096	-0.24317	0.21099	0.41757	10.34837	71	2.52	77	0.476464	-0.27424	0.61524	0.52236	9.97864	71	2.88	77	0.0	0	0.0	0	0.0	0	0.0	20
1	1	0	216	60	1348.4187	49.47230359999958	49.46799810000084	0.0050653	0.0043055	0	0.52096	-0.24317	0.21099	0.41757	10.34837	71	2.52	77	0.476464	-0.27424	0.61524	0.52236	9.97864	71	2.88	77	0.0	0	0.0	0	0.0	0	0.0	22
1	1	0	217	60	1348.4353	49.49223549999806	49.48458249999749	0.0048903	0.007653	0	0.52096	-0.24317	0.21099	0.41757	10.34837	71	2.52	77	0.476464	-0.27424	0.61524	0.52236	9.97864	71	2.88	77	0.0	0	0.0	0	0.0	0	0.0	22
1	1	0	218	60	1348.45178	49.507214999997814	49.50099329999648	0.0050451	0.0062217	0	0.52096	-0.24317	0.21099	0.41757	10.34837	71	2.52	77	0.476464	-0.27424	0.61524	0.52236	9.97864	71	2.88	77	0.0	0	0.0	0	0.0	0	0.0	22
1	1	0	219	60	1348.46826	49.52215349999824	49.517488099998445	0.0049731	0.0046654	0	0.52096	-0.24317	0.21099	0.41757	10.34837	71	2.52	77	0.476464	-0.27424	0.61524	0.52236	9.97864	71	2.88	77	0.0	0	0.0	0	0.0	0	0.0	22
1	1	0	220	60	1348.48462	49.54210469999816	49.53392739999981	0.0049613	0.0081773	0	0.52096	-0.24317	0.21099	0.41757	10.34837	71	2.52	77	0.476464	-0.27424	0.61524	0.52236	9.97864	71	2.88	77	0.0	0	0.0	0	0.0	0	0.0	22
1	1	0	221	60	1348.5011	49.55207189999783	49.55033410000033	0.0049635	0.0017378	0	0.52096	-0.24317	0.21099	0.41757	10.34837	71	2.52	77	0.476464	-0.27424	0.61524	0.52236	9.97864	71	2.88	77	0.0	0	0.0	0	0.0	0	0.0	22
1	1	0	222	60	1348.51746	49.57299889999922	49.56677409999975	0.0049418	0.0062248	0	0.52096	-0.24317	0.21099	0.41757	10.34837	71	2.52	77	0.476464	-0.27424	0.61524	0.52236	9.97864	71	2.88	77	0.0	0	0.0	0	0.0	0	0.0	22
1	1	0	223	60	1348.53381	49.58799889999864	49.58309519999602	0.0050559	0.0049037	0	0.52096	-0.24317	0.21099	0.41757	10.34837	71	2.52	77	0.476464	-0.27424	0.61524	0.52236	9.97864	71	2.88	77	0.0	0	0.0	0	0.0	0	0.0	22
1	1	0	224	60	1348.55042	49.60298680000051	49.59970129999783	0.0050291	0.0032855	0	0.52096	-0.24317	0.21099	0.41757	10.34837	71	2.52	77	0.476464	-0.27424	0.61524	0.52236	9.97864	71	2.88	77	0.0	0	0.0	0	0.0	0	0.0	22
1	1	0	225	60	1348.56665	49.622901300001104	49.61591430000408	0.0050465	0.006987	0	0.52096	-0.24317	0.1801	0.43322	10.13707	71	2.27	77	0.476464	-0.27424	0.59307	0.52617	11.21953	71	2.47	77	0.0	0	0.0	0	0.0	0	0.0	0
1	1	0	226	60	1348.58313	49.637812699998904	49.632422899998346	0.0050135	0.0053898	0	0.252736	-0.24123	0.17399	0.43635	8.39341	71	2.31	77	0.245664	-0.29617	0.58802	0.52551	10.24166	71	2.37	77	0.0	0	0.0	0	0.0	0	0.0	0
1	1	0	227	60	1348.59961	49.65775460000077	49.64883159999954	0.0049559	0.008923	0	0.307536	-0.3039	0.1703	0.43889	9.09195	71	2.4	77	0.211536	-0.3291	0.58446	0.52382	7.75221	71	2.76	77	0.0	0	0.0	0	0.0	0	0.0	0
1	1	0	228	60	1348.61597	49.67279520000011	49.66525420000107	0.0049924	0.007541	0	0.307536	-0.3039	0.16984	0.43794	9.83283	71	2.45	77	0.211536	-0.3291	0.58461	0.5261	11.1321	71	2.5	77	0.0	0	0.0	0	0.0	0	0.0	0
1	1	0	229	60	1348.63245	49.68767509999816	49.68175699999847	0.0049527	0.0059181	0	0.276944	-0.49209	0.16381	0.4409	8.51696	71	2.36	77	0.309472	-0.32396	0.58002	0.52496	10.67646	71	2.21	77	0.0	0	0.0	0	0.0	0	0.0	0
1	1	0	230	60	1348.6488	49.707663400000456	49.69802089999939	0.005027	0.0096425	0	0.294	-0.36951	0.15947	0.44545	8.72957	71	2.28	77	0.283936	-0.2825	0.5758	0.52511	7.92374	71	2.63	77	0.0	0	0.0	0	0.0	0	0.0	0
1	1	0	231	60	1348.66528	49.722555000000284	49.7145402999995	0.0049376	0.0080147	0	0.292528	-0.37245	0.15946	0.44338	9.53371	71	2.28	77	0.280736	-0.28651	0.57592	0.52632	11.46532	71	2.51	77	0.0	0	0.0	0	0.0	0	0.0	0
1	1	0	236	60	1348.68164	49.737530499998684	49.73093639999934	0.0049858	0.0065941	0	0.314352	-0.35839	0.15321	0.44656	8.0254	71	2.45	77	0.25832	-0.34212	0.57077	0.52659	10.11329	71	2.38	77	0.0	0	0.0	0	0.0	0	0.0	0
1	1	0	237	60	1348.69812	49.752499800000805	49.74738800000341	0.0049607	0.0051118	0	0.1632	-0.51397	0.1461	0.45268	7.45924	71	2.15	77	0.129744	-0.39475	0.56339	0.52768	7.63256	71	2.45	77	0.0	0	0.0	0	0.0	0	0.0	0
1	1	0	238	60	1348.7146	49.76750379999794	49.76384109999708	0.0050578	0.0036627	0	0.163504	-0.51213	0.14541	0.45204	6.63209	71	1.97	77	0.131856	-0.39114	0.56351	0.52703	9.88	71	2.1	77	0.0	0	0.0	0	0.0	0	0.0	0
1	1	0	239	60	1348.73108	49.787515600000916	49.78029980000065	0.0050757	0.0072158	0	-0.04528	-0.36972	0.13335	0.45649	10.00939	71	2.25	77	-0.099344	-0.49421	0.55162	0.52659	7.76466	71	2.25	77	0.0	0	0.0	0	0.0	0	0.0	0
1	1	0	240	60	1348.74744	49.80242400000134	49.79669980000108	0.0049829	0.0057242	0	-0.143856	-0.2951	0.12978	0.4589	9.4415	71	2.34	77	-0.01096	-0.28771	0.54891	0.52685	6.99182	71	2.24	77	0.0	0	0.0	0	0.0	0	0.0	0
1	1	0	241	60	1348.76392	49.82228369999939	49.813223500001186	0.0049239	0.0090602	0	-0.146416	-0.29156	0.12913	0.45703	9.54119	71	2.07	77	-0.010592	-0.28377	0.54739	0.52451	8.11618	71	2.3	77	0.0	0	0.0	0	0.0	0	0.0	0
1	1	0	242	60	1348.78027	49.83729169999788	49.82948639999813	0.0049931	0.0078053	0	-0.095872	-0.33488	0.12329	0.46161	11.13324	71	2.22	77	-0.141392	-0.36885	0.54274	0.52511	8.88675	71	2.2	77	0.0	0	0.0	0	0.0	0	0.0	0
1	1	0	243	60	1348.79675	49.85223290000067	49.84602259999883	0.0049381	0.0062103	0	-0.065536	-0.3403	0.11986	0.46292	10.16877	71	2.24	77	-0.1456	-0.34758	0.53969	0.52507	8.50879	71	2.12	77	0.0	0	0.0	0	0.0	0	0.0	0
1	1	0	244	60	1348.81311	49.867226200000005	49.862367599998834	0.0050103	0.0048586	0	-0.063312	-0.34402	0.11903	0.46209	10.15529	71	2.13	77	-0.143664	-0.35495	0.53852	0.52526	9.60811	71	2.13	77	0.0	0	0.0	0	0.0	0	0.0	0
1	1	0	245	60	1348.82959	49.8871450000006	49.87882309999986	0.0049584	0.0083219	0	-0.001552	-0.462	0.11424	0.46529	10.65419	71	2.29	77	-0.134912	-0.45822	0.53476	0.52534	8.84355	71	2.12	77	0.0	0	0.0	0	0.0	0	0.0	0
1	1	0	246	60	1348.84595	49.902116500001284	49.895237100001395	0.0049709	0.0068794	0	-0.104048	-0.36067	0.11155	0.46655	10.06138	71	2.31	77	-0.066416	-0.41071	0.53224	0.52634	8.79881	71	2.33	77	0.0	0	0.0	0	0.0	0	0.0	0
1	1	0	247	60	1348.86243	49.91704530000061	49.911674400002084	0.0049993	0.0053709	0	-0.10184	-0.36358	0.11177	0.46582	9.84603	71	2.26	77	-0.066416	-0.41071	0.53286	0.52531	9.00744	71	2.14	77	0.0	0	0.0	0	0.0	0	0.0	0
1	1	0	248	60	1348.87878	49.93201399999816	49.92809039999702	0.0049883	0.0039236	0	0.259632	-0.44617	0.11825	0.46787	9.32418	71	2.19	77	0.245136	-0.39583	0.5388	0.52772	11.17194	71	2.51	77	0.0	0	0.0	0	0.0	0	0.0	0
1	1	0	249	60	1348.89526	49.95206749999852	49.94453489999796	0.0050308	0.0075326	0	0.259952	-0.43898	0.1194	0.46733	9.46424	71	2.22	77	0.302496	-0.3216	0.53971	0.52846	11.08435	71	2.51	77	0.0	0	0.0	0	0.0	0	0.0	0
1	1	0	254	60	1348.91174	49.96693769999911	49.961005999997724	0.0049641	0.0059317	0	0.261088	-0.43679	0.12025	0.46692	10.454	71	2.36	77	0.302496	-0.3216	0.54061	0.52804	11.19943	71	2.54	77	0.0	0	0.0	0	0.0	0	0.0	0
1	1	0	255	60	1348.92822	49.98192259999996	49.97743990000163	0.0049608	0.0044827	0	0.348464	-0.4192	0.11936	0.46722	9.36254	71	2.39	77	0.343376	-0.31457	0.54086	0.52835	10.58237	71	2.62	77	0.0	0	0.0	0	0.0	0	0.0	0
1	1	0	256	60	1348.94458	50.00193610000133	49.99387030000071	0.005026	0.0080658	0	0.301376	-0.39121	0.11989	0.46767	9.92581	71	2.32	77	0.274128	-0.38651	0.54072	0.53085	11.72199	71	2.58	77	0.0	0	0.0	0	0.0	0	0.0	0
1	1	0	257	60	1348.96094	50.016804399998364	50.01024719999623	0.0049454	0.0065572	0	0.298288	-0.39665	0.11987	0.468	10.36032	71	2.24	77	0.270912	-0.3896	0.54127	0.53016	11.34323	71	2.45	77	0.0	0	0.0	0	0.0	0	0.0	0
1	1	0	258	60	1348.97742	50.03179269999964	50.02666890000182	0.0049766	0.0051238	0	0.320608	-0.40144	0.11961	0.47119	10.42486	71	2.43	77	0.306816	-0.37493	0.54132	0.534	11.20038	71	2.6	77	0.0	0	0.0	0	0.0	0	0.0	0
1	1	0	259	60	1348.99402	50.04676280000058	50.04324760000236	0.0049972	0.0035152	0	0.348608	-0.40625	0.11955	0.4748	9.69804	71	2.47	77	0.285504	-0.35807	0.54094	0.53751	11.40791	71	2.61	77	0.0	0	0.0	0	0.0	0	0.0	0
1	1	0	260	60	1349.01025	50.06703930000003	50.05949559999863	0.005316	0.0075437	0	0.350624	-0.40365	0.11882	0.47459	9.54593	71	2.29	77	0.28872	-0.35481	0.54069	0.53773	10.30435	71	2.57	77	0.0	0	0.0	0	0.0	0	0.0	0
1	1	0	261	60	1349.02673	50.0816405000005	50.075973499999236	0.0049729	0.005667	0	0.35352	-0.54116	0.11428	0.4959	7.15361	71	1.83	77	0.321472	-0.52732	0.53631	0.55671	8.61706	71	2.4	77	0.0	0	0.0	0	0.0	0	0.0	0
1	1	0	262	60	1349.04321	50.09660000000076	50.09242660000382	0.0049888	0.0041734	0	0.849424	-0.86489	0.1113	0.51148	7.17987	71	1.88	77	0.357952	-0.68738	0.5304	0.57011	7.3288	71	2.1	77	0.0	0	0.0	0	0.0	0	0.0	0
1	1	0	263	60	1349.05957	50.11657809999815	50.108881699998165	0.0049716	0.0076964	0	0.849424	-0.86489	0.1113	0.51148	7.17987	71	1.88	77	0.362	-0.68726	0.53061	0.57213	8.30718	71	2.36	77	0.0	0	0.0	0	0.0	0	0.0	20
1	1	0	264	60	1349.07605	50.13148849999925	50.1253482999964	0.0049437	0.0061402	0	0.849424	-0.86489	0.1113	0.51148	7.17987	71	1.88	77	-0.06424	-1.28334	0.52116	0.60265	7.79644	71	2.06	77	0.0	0	0.0	0	0.0	0	0.0	20
1	1	0	265	60	1349.09253	50.146448799998325	50.141746199999034	0.0049775	0.0047026	0	0.849424	-0.86489	0.1113	0.51148	7.17987	71	1.88	77	-0.06424	-1.28334	0.46975	0.56971	7.47407	71	2.09	77	0.0	0	0.0	0	0.0	0	0.0	22
1	1	0	266	60	1349.10876	50.16140879999875	50.158079999997426	0.0048902	0.0033288	0	0.849424	-0.86489	0.1113	0.51148	7.17987	71	1.88	77	-0.06424	-1.28334	0.51533	0.62787	9.54343	71	2.19	77	0.0	0	0.0	0	0.0	0	0.0	22
1	1	0	267	60	1349.12524	50.18140520000088	50.174525400001585	0.0049893	0.0068798	0	0.849424	-0.86489	0.1113	0.51148	7.17987	71	1.88	77	-0.06424	-1.28334	0.51244	0.64168	9.38909	71	2.22	77	0.0	0	0.0	0	0.0	0	0.0	22
1	1	0	268	60	1349.14172	50.19737069999974	50.190966399997706	0.0049801	0.0064043	0	0.849424	-0.86489	0.1113	0.51148	7.17987	71	1.88	77	-0.06424	-1.28334	0.51274	0.64624	8.33869	71	1.76	77	0.0	0	0.0	0	0.0	0	0.0	22
1	1	0	269	60	1349.1582	50.212308800000756	50.20743399999992	0.0049896	0.0048748	0	0.849424	-0.86489	0.1113	0.51148	7.17987	71	1.88	77	-0.06424	-1.28334	0.51274	0.64624	8.33869	71	1.76	77	0.0	0	0.0	0	0.0	0	0.0	22
1	1	0	270	60	1349.17456	50.22826709999936	50.22387180000078	0.0049779	0.0043953	0	0.849424	-0.86489	0.1113	0.51148	7.17987	71	1.88	77	-0.06424	-1.28334	0.51274	0.64624	8.33869	71	1.76	77	0.0	0	0.0	0	0.0	0	0.0	22
1	1	0	271	60	1349.19104	50.24825190000047	50.24031500000274	0.0050373	0.0079369	0	0.849424	-0.86489	0.1113	0.51148	7.17987	71	1.88	77	-0.06424	-1.28334	0.51274	0.64624	8.33869	71	1.76	77	0.0	0	0.0	0	0.0	0	0.0	22
1	1	0	272	60	1349.20752	50.25824690000081	50.25673420000021	0.0050831	0.0015127	0	0.849424	-0.86489	0.1113	0.51148	7.17987	71	1.88	77	-0.06424	-1.28334	0.51274	0.64624	8.33869	71	1.76	77	0.0	0	0.0	0	0.0	0	0.0	22
1	1	0	273	60	1349.22388	50.27814740000031	50.27314100000149	0.0050128	0.0050064	0	0.849424	-0.86489	0.1113	0.51148	7.17987	71	1.88	77	-0.06424	-1.28334	0.51274	0.64624	8.33869	71	1.76	77	0.0	0	0.0	0	0.0	0	0.0	22
1	1	0	274	60	1349.24023	50.293114799998875	50.289542799997434	0.0050054	0.003572	0	0.849424	-0.86489	0.1113	0.51148	7.17987	71	1.88	77	-0.06424	-1.28334	0.51274	0.64624	8.33869	71	1.76	77	0.0	0	0.0	0	0.0	0	0.0	22
1	1	0	275	60	1349.25671	50.313018900000316	50.30593779999981	0.0050039	0.0070811	0	0.849424	-0.86489	0.1113	0.51148	7.17987	71	1.88	77	-0.06424	-1.28334	0.51274	0.64624	8.33869	71	1.76	77	0.0	0	0.0	0	0.0	0	0.0	22
1	1	0	276	60	1349.27319	50.32799589999922	50.32248499999696	0.0050248	0.0055109	0	0.849424	-0.86489	0.1113	0.51148	7.17987	71	1.88	77	-0.06424	-1.28334	0.51274	0.64624	8.33869	71	1.76	77	0.0	0	0.0	0	0.0	0	0.0	22
1	1	0	277	60	1349.28955	50.34794479999982	50.3388503999995	0.004981	0.0090944	0	0.849424	-0.86489	0.1113	0.51148	7.17987	71	1.88	77	-0.06424	-1.28334	0.51274	0.64624	8.33869	71	1.76	77	0.0	0	0.0	0	0.0	0	0.0	22
1	1	0	278	60	1349.30603	50.362903500001266	50.35526680000112	0.0050234	0.0076367	0	0.849424	-0.86489	0.1113	0.51148	7.17987	71	1.88	77	-0.06424	-1.28334	0.51274	0.64624	8.33869	71	1.76	77	0.0	0	0.0	0	0.0	0	0.0	22
1	1	0	279	60	1349.32251	50.37985969999863	50.37172429999919	0.0050057	0.0081354	0	0.849424	-0.86489	0.1113	0.51148	7.17987	71	1.88	77	-0.06424	-1.28334	0.51274	0.64624	8.33869	71	1.76	77	0.0	0	0.0	0	0.0	0	0.0	22
1	1	0	280	60	1349.33887	50.3948390000005	50.38815629999954	0.0050566	0.0066827	0	0.849424	-0.86489	0.1113	0.51148	7.17987	71	1.88	77	-0.06424	-1.28334	0.51274	0.64624	8.33869	71	1.76	77	0.0	0	0.0	0	0.0	0	0.0	22
1	1	0	281	60	1349.35535	50.409787500000675	50.40465780000159	0.0050173	0.0051297	0	0.849424	-0.86489	0.1113	0.51148	7.17987	71	1.88	77	-0.06424	-1.28334	0.51274	0.64624	8.33869	71	1.76	77	0.0	0	0.0	0	0.0	0	0.0	22
1	1	0	282	60	1349.3717	50.42474450000009	50.420926200000395	0.0049484	0.0038183	0	0.849424	-0.86489	0.1113	0.51148	7.17987	71	1.88	77	-0.06424	-1.28334	0.51274	0.64624	8.33869	71	1.76	77	0.0	0	0.0	0	0.0	0	0.0	22
1	1	0	283	60	1349.38818	50.44465280000077	50.43747410000287	0.0050121	0.0071787	0	0.849424	-0.86489	0.1113	0.51148	7.17987	71	1.88	77	-0.06424	-1.28334	0.51274	0.64624	8.33869	71	1.76	77	0.0	0	0.0	0	0.0	0	0.0	22
1	1	0	284	60	1349.40466	50.459662900000694	50.45392189999984	0.0050433	0.005741	0	0.849424	-0.86489	0.1113	0.51148	7.17987	71	1.88	77	-0.06424	-1.28334	0.51274	0.64624	8.33869	71	1.76	77	0.0	0	0.0	0	0.0	0	0.0	22
1	1	0	285	60	1349.42102	50.47466870000062	50.470278299999336	0.0050336	0.0043904	0	0.849424	-0.86489	0.1113	0.51148	7.17987	71	1.88	77	-0.06424	-1.28334	0.51274	0.64624	8.33869	71	1.76	77	0.0	0	0.0	0	0.0	0	0.0	22
1	1	0	286	60	1349.4375	50.49551480000082	50.48672209999859	0.0049786	0.0087927	0	0.849424	-0.86489	0.1113	0.51148	7.17987	71	1.88	77	-0.06424	-1.28334	0.51274	0.64624	8.33869	71	1.76	77	0.0	0	0.0	0	0.0	0	0.0	22
1	1	0	287	60	1349.45398	50.51054469999872	50.50320329999886	0.0050211	0.0073414	0	0.849424	-0.86489	0.1113	0.51148	7.17987	71	1.88	77	-0.06424	-1.28334	0.51274	0.64624	8.33869	71	1.76	77	0.0	0	0.0	0	0.0	0	0.0	22
1	1	0	288	60	1349.47034	50.525504599998385	50.51954679999835	0.0050571	0.0059578	0	0.849424	-0.86489	0.1113	0.51148	7.17987	71	1.88	77	-0.06424	-1.28334	0.51274	0.64624	8.33869	71	1.76	77	0.0	0	0.0	0	0.0	0	0.0	22
1	1	0	289	60	1349.48682	50.540395799998805	50.53604809999888	0.0049879	0.0043477	0	0.849424	-0.86489	0.1113	0.51148	7.17987	71	1.88	77	-0.06424	-1.28334	0.51274	0.64624	8.33869	71	1.76	77	0.0	0	0.0	0	0.0	0	0.0	22
1	1	0	290	60	1349.50317	50.55541810000068	50.55243010000049	0.0049997	0.002988	0	0.849424	-0.86489	0.1113	0.51148	7.17987	71	1.88	77	-0.06424	-1.28334	0.51274	0.64624	8.33869	71	1.76	77	0.0	0	0.0	0	0.0	0	0.0	22
1	1	0	291	60	1349.51965	50.57635149999987	50.56890589999966	0.0049986	0.0074456	0	0.849424	-0.86489	0.1113	0.51148	7.17987	71	1.88	77	-0.06424	-1.28334	0.51274	0.64624	8.33869	71	1.76	77	0.0	0	0.0	0	0.0	0	0.0	22
1	1	0	292	60	1349.53613	50.59230820000084	50.58537090000027	0.0049943	0.0069373	0	0.849424	-0.86489	0.1113	0.51148	7.17987	71	1.88	77	-0.06424	-1.28334	0.51274	0.64624	8.33869	71	1.76	77	0.0	0	0.0	0	0.0	0	0.0	22
1	1	0	293	60	1349.55249	50.6072548000011	50.601763200003916	0.0050049	0.0054916	0	0.849424	-0.86489	0.1113	0.51148	7.17987	71	1.88	77	-0.06424	-1.28334	0.51274	0.64624	8.33869	71	1.76	77	0.0	0	0.0	0	0.0	0	0.0	22
1	1	0	294	60	1349.56897	50.62719840000136	50.618236099999194	0.0049257	0.0089623	0	0.849424	-0.86489	0.1113	0.51148	7.17987	71	1.88	77	-0.06424	-1.28334	0.51274	0.64624	8.33869	71	1.76	77	0.0	0	0.0	0	0.0	0	0.0	22
1	1	0	295	60	1349.58545	50.64217690000078	50.634672899999714	0.0050203	0.007504	0	0.849424	-0.86489	0.1113	0.51148	7.17987	71	1.88	77	-0.06424	-1.28334	0.51274	0.64624	8.33869	71	1.76	77	0.0	0	0.0	0	0.0	0	0.0	22
1	1	0	301	60	1358.57166	59.626169299997855	59.620945599999686	0.0060324	0.0052237	0	-0.234752	0.14784	0.11942	0.43487	8.27945	71	2.86	77	0.33288	0.59262	0.53045	0.487	6.82109	71	1.93	77	0.0	0	0.0	0	0.0	0	0.0	22
1	1	0	302	60	1358.58813	59.64148980000027	59.6374035000008	0.0053956	0.0040863	0	-0.234752	0.14784	0.11942	0.43487	8.27945	71	2.86	77	0.33288	0.59262	0.53045	0.487	6.82109	71	1.93	77	0.0	0	0.0	0	0.0	0	0.0	22
1	1	0	303	60	1358.60449	59.6610460999982	59.65379299999768	0.0049757	0.0072531	0	-0.234752	0.14784	0.11942	0.43487	8.27945	71	2.86	77	0.33288	0.59262	0.53045	0.487	6.82109	71	1.93	77	0.0	0	0.0	0	0.0	0	0.0	22
1	1	0	304	60	1358.62097	59.676007999998546	59.670235599998705	0.0049827	0.0057724	0	-0.234752	0.14784	0.11942	0.43487	8.27945	71	2.86	77	0.33288	0.59262	0.53045	0.487	6.82109	71	1.93	77	0.0	0	0.0	0	0.0	0	0.0	22
1	1	0	306	60	1358.63733	59.6910300999989	59.6866188999993	0.0045284	0.0044112	0	-0.234752	0.14784	0.11942	0.43487	8.27945	71	2.86	77	0.33288	0.59262	0.53045	0.487	6.82109	71	1.93	77	0.0	0	0.0	0	0.0	0	0.0	22
1	1	0	307	60	1358.65381	59.70593699999881	59.70311500000025	0.0049735	0.002822	0	-0.234752	0.14784	0.11942	0.43487	8.27945	71	2.86	77	0.33288	0.59262	0.53045	0.487	6.82109	71	1.93	77	0.0	0	0.0	0	0.0	0	0.0	22
1	1	0	308	60	1358.67029	59.726868300000206	59.71955970000272	0.0049557	0.0073086	0	-0.234752	0.14784	0.11942	0.43487	8.27945	71	2.86	77	0.33288	0.59262	0.53045	0.487	6.82109	71	1.93	77	0.0	0	0.0	0	0.0	0	0.0	22
1	1	0	309	60	1358.68665	59.74278929999855	59.73595320000095	0.0058826	0.0068361	0	-0.234752	0.14784	0.11942	0.43487	8.27945	71	2.86	77	0.33288	0.59262	0.53045	0.487	6.82109	71	1.93	77	0.0	0	0.0	0	0.0	0	0.0	22
1	1	0	310	60	1358.70312	59.75809939999817	59.7524001999991	0.005305	0.0056992	0	-0.234752	0.14784	0.11942	0.43487	8.27945	71	2.86	77	0.33288	0.59262	0.53045	0.487	6.82109	71	1.93	77	0.0	0	0.0	0	0.0	0	0.0	22
1	1	0	311	60	1358.7196	59.772738200001186	59.76889999999912	0.0049695	0.0038382	0	-0.234752	0.14784	0.11942	0.43487	8.27945	71	2.86	77	0.33288	0.59262	0.53045	0.487	6.82109	71	1.93	77	0.0	0	0.0	0	0.0	0	0.0	22
1	1	0	312	60	1358.73596	59.788691599998856	59.78522510000039	0.0059732	0.0034665	0	-0.234752	0.14784	0.11942	0.43487	8.27945	71	2.86	77	0.33288	0.59262	0.53045	0.487	6.82109	71	1.93	77	0.0	0	0.0	0	0.0	0	0.0	22
1	1	0	313	60	1358.75244	59.80369319999954	59.80174330000227	0.0050163	0.0019499	0	-0.234752	0.14784	0.11942	0.43487	8.27945	71	2.86	77	0.33288	0.59262	0.53045	0.487	6.82109	71	1.93	77	0.0	0	0.0	0	0.0	0	0.0	22
1	1	0	314	60	1358.7688	59.82473369999934	59.81803089999812	0.0050824	0.0067028	0	-0.234752	0.14784	0.11942	0.43487	8.27945	71	2.86	77	0.33288	0.59262	0.53045	0.487	6.82109	71	1.93	77	0.0	0	0.0	0	0.0	0	0.0	22
1	1	0	315	60	1358.78516	59.839601600000606	59.83445880000363	0.0050449	0.0051428	0	-0.234752	0.14784	0.11942	0.43487	8.27945	71	2.86	77	0.33288	0.59262	0.53045	0.487	6.82109	71	1.93	77	0.0	0	0.0	0	0.0	0	0.0	22
1	1	0	316	60	1358.80176	59.85455540000112	59.850971100000606	0.0050536	0.0035843	0	-0.234752	0.14784	0.11942	0.43487	8.27945	71	2.86	77	0.33288	0.59262	0.53045	0.487	6.82109	71	1.93	77	0.0	0	0.0	0	0.0	0	0.0	22
1	1	0	317	60	1358.81799	59.870464899999206	59.867313900002046	0.005964	0.003151	0	-0.234752	0.14784	0.11942	0.43487	8.27945	71	2.86	77	0.33288	0.59262	0.53045	0.487	6.82109	71	1.93	77	0.0	0	0.0	0	0.0	0	0.0	22
1	1	0	318	60	1358.83459	59.89176039999802	59.88385009999547	0.0053299	0.0079103	0	-0.234752	0.14784	0.11942	0.43487	8.27945	71	2.86	77	0.33288	0.59262	0.53045	0.487	6.82109	71	1.93	77	0.0	0	0.0	0	0.0	0	0.0	22
1	1	0	319	60	1358.85107	59.9063954000012	59.90029030000369	0.0050268	0.0061051	0	-0.234752	0.14784	0.11942	0.43487	8.27945	71	2.86	77	0.33288	0.59262	0.53045	0.487	6.82109	71	1.93	77	0.0	0	0.0	0	0.0	0	0.0	22
1	1	0	320	60	1358.86743	59.92135820000112	59.91667850000158	0.00502	0.0046797	0	-0.234752	0.14784	0.11942	0.43487	8.27945	71	2.86	77	0.33288	0.59262	0.53045	0.487	6.82109	71	1.93	77	0.0	0	0.0	0	0.0	0	0.0	22
1	1	0	321	60	1358.88379	59.936308699998335	59.93307419999837	0.0050056	0.0032345	0	-0.234752	0.14784	0.11942	0.43487	8.27945	71	2.86	77	0.33288	0.59262	0.53045	0.487	6.82109	71	1.93	77	0.0	0	0.0	0	0.0	0	0.0	22
1	1	0	322	60	1358.90027	59.95628209999995	59.94952489999923	0.0049283	0.0067572	0	-0.234752	0.14784	0.11942	0.43487	8.27945	71	2.86	77	0.33288	0.59262	0.53045	0.487	6.82109	71	1.93	77	0.0	0	0.0	0	0.0	0	0.0	22
1	1	0	323	60	1358.91663	59.97128349999912	59.96589429999949	0.005063	0.0053892	0	-0.234752	0.14784	0.11942	0.43487	8.27945	71	2.86	77	0.33288	0.59262	0.53045	0.487	6.82109	71	1.93	77	0.0	0	0.0	0	0.0	0	0.0	22
1	1	0	324	60	1358.93311	59.98613779999869	59.982370300000184	0.0049855	0.0037675	0	-0.234752	0.14784	0.11942	0.43487	8.27945	71	2.86	77	0.33288	0.59262	0.53045	0.487	6.82109	71	1.93	77	0.0	0	0.0	0	0.0	0	0.0	22
1	1	0	325	60	1358.94958	60.00116039999921	59.99880039999698	0.0050505	0.00236	0	-0.234752	0.14784	0.11942	0.43487	8.27945	71	2.86	77	0.33288	0.59262	0.53045	0.487	6.82109	71	1.93	77	0.0	0	0.0	0	0.0	0	0.0	22
1	1	0	326	60	1358.96594	60.022090300000855	60.01525390000097	0.0049855	0.0068364	0	-0.234752	0.14784	0.11942	0.43487	8.27945	71	2.86	77	0.33288	0.59262	0.53045	0.487	6.82109	71	1.93	77	0.0	0	0.0	0	0.0	0	0.0	22
1	1	0	327	60	1358.98242	60.0370382000001	60.031699999999546	0.0049944	0.0053382	0	-0.234752	0.14784	0.11942	0.43487	8.27945	71	2.86	77	0.33288	0.59262	0.53045	0.487	6.82109	71	1.93	77	0.0	0	0.0	0	0.0	0	0.0	22
1	1	0	328	60	1358.99878	60.05201179999858	60.04809589999786	0.0050405	0.0039159	0	-0.234752	0.14784	0.11942	0.43487	8.27945	71	2.86	77	0.33288	0.59262	0.53045	0.487	6.82109	71	1.93	77	0.0	0	0.0	0	0.0	0	0.0	22
1	1	0	329	60	1359.01526	60.07195969999884	60.06448759999694	0.0049551	0.0074721	0	-0.234752	0.14784	0.11942	0.43487	8.27945	71	2.86	77	0.33288	0.59262	0.53045	0.487	6.82109	71	1.93	77	0.0	0	0.0	0	0.0	0	0.0	22
1	1	0	330	60	1359.03174	60.08192240000062	60.08096970000042	0.0050238	9.527E-4	0	-0.234752	0.14784	0.11942	0.43487	8.27945	71	2.86	77	0.33288	0.59262	0.53045	0.487	6.82109	71	1.93	77	0.0	0	0.0	0	0.0	0	0.0	22
1	1	0	331	60	1359.04822	60.10182730000088	60.09744710000086	0.0049924	0.0043802	0	-0.234752	0.14784	0.11942	0.43487	8.27945	71	2.86	77	0.33288	0.59262	0.53045	0.487	6.82109	71	1.93	77	0.0	0	0.0	0	0.0	0	0.0	22
1	1	0	332	60	1359.06458	60.11680630000046	60.11386649999986	0.0049134	0.0029398	0	-0.234752	0.14784	0.11942	0.43487	8.27945	71	2.86	77	0.33288	0.59262	0.53045	0.487	6.82109	71	1.93	77	0.0	0	0.0	0	0.0	0	0.0	22
1	1	0	333	60	1359.08105	60.13673639999979	60.130321900000126	0.0049566	0.0064145	0	-0.234752	0.14784	0.11942	0.43487	8.27945	71	2.86	77	0.33288	0.59262	0.53045	0.487	6.82109	71	1.93	77	0.0	0	0.0	0	0.0	0	0.0	22
1	1	0	334	60	1359.09741	60.15274009999848	60.14667639999607	0.0050426	0.0060637	0	-0.234752	0.14784	0.11942	0.43487	8.27945	71	2.86	77	0.33288	0.59262	0.53045	0.487	6.82109	71	1.93	77	0.0	0	0.0	0	0.0	0	0.0	22
1	1	0	335	60	1359.11389	60.16765619999933	60.16320849999829	0.0049575	0.0044477	0	-0.234752	0.14784	0.11942	0.43487	8.27945	71	2.86	77	0.33288	0.59262	0.53045	0.487	6.82109	71	1.93	77	0.0	0	0.0	0	0.0	0	0.0	22
1	1	0	336	60	1359.13037	60.18262849999883	60.179595199995674	0.0049676	0.0030333	0	-0.234752	0.14784	0.11942	0.43487	8.27945	71	2.86	77	0.33288	0.59262	0.53045	0.487	6.82109	71	1.93	77	0.0	0	0.0	0	0.0	0	0.0	22
1	1	0	337	60	1359.14673	60.20257330000095	60.19597040000008	0.0049807	0.0066029	0	-0.234752	0.14784	0.11942	0.43487	8.27945	71	2.86	77	0.33288	0.59262	0.53045	0.487	6.82109	71	1.93	77	0.0	0	0.0	0	0.0	0	0.0	22
1	1	0	338	60	1359.16309	60.21752149999884	60.21235700000034	0.0049324	0.0051645	0	-0.234752	0.14784	0.11942	0.43487	8.27945	71	2.86	77	0.33288	0.59262	0.53045	0.487	6.82109	71	1.93	77	0.0	0	0.0	0	0.0	0	0.0	22
1	1	0	339	60	1359.17944	60.23253720000139	60.228662699999404	0.0050542	0.0038745	0	-0.234752	0.14784	0.11942	0.43487	8.27945	71	2.86	77	0.33288	0.59262	0.53045	0.487	6.82109	71	1.93	77	0.0	0	0.0	0	0.0	0	0.0	22
1	1	0	340	60	1359.19592	60.24747080000088	60.24524730000121	0.0049386	0.0022235	0	-0.234752	0.14784	0.11942	0.43487	8.27945	71	2.86	77	0.33288	0.59262	0.53045	0.487	6.82109	71	1.93	77	0.0	0	0.0	0	0.0	0	0.0	22
1	1	0	341	60	1359.2124	60.267400000000634	60.26171190000241	0.0049555	0.0056881	0	-0.234752	0.14784	0.11942	0.43487	8.27945	71	2.86	77	0.33288	0.59262	0.53045	0.487	6.82109	71	1.93	77	0.0	0	0.0	0	0.0	0	0.0	22
1	1	0	342	60	1359.22888	60.28237330000047	60.27815109999938	0.0049104	0.0042222	0	-0.234752	0.14784	0.11942	0.43487	8.27945	71	2.86	77	0.33288	0.59262	0.53045	0.487	6.82109	71	1.93	77	0.0	0	0.0	0	0.0	0	0.0	22
1	1	0	343	60	1359.24524	60.30229419999887	60.2945518000015	0.0048813	0.0077424	0	-0.234752	0.14784	0.11942	0.43487	8.27945	71	2.86	77	0.33288	0.59262	0.53045	0.487	6.82109	71	1.93	77	0.0	0	0.0	0	0.0	0	0.0	22
1	1	0	344	60	1359.2616	60.317332099999476	60.310925400001	0.0050768	0.0064067	0	-0.234752	0.14784	0.11942	0.43487	8.27945	71	2.86	77	0.33288	0.59262	0.53045	0.487	6.82109	71	1.93	77	0.0	0	0.0	0	0.0	0	0.0	22
1	1	0	345	60	1359.2782	60.33226350000041	60.32742400000279	0.0050457	0.0048395	0	-0.234752	0.14784	0.11942	0.43487	8.27945	71	2.86	77	0.33288	0.59262	0.53045	0.487	6.82109	71	1.93	77	0.0	0	0.0	0	0.0	0	0.0	22
1	1	0	346	60	1359.29443	60.34719440000117	60.3437096000016	0.0049816	0.0034848	0	-0.234752	0.14784	0.11942	0.43487	8.27945	71	2.86	77	0.33288	0.59262	0.53045	0.487	6.82109	71	1.93	77	0.0	0	0.0	0	0.0	0	0.0	22
1	1	0	347	60	1359.31104	60.36726650000128	60.36024550000366	0.0050698	0.007021	0	-0.234752	0.14784	0.11942	0.43487	8.27945	71	2.86	77	0.33288	0.59262	0.53045	0.487	6.82109	71	1.93	77	0.0	0	0.0	0	0.0	0	0.0	22
1	1	0	348	60	1359.32751	60.382116299999325	60.37674530000004	0.0049771	0.005371	0	-0.234752	0.14784	0.11942	0.43487	8.27945	71	2.86	77	0.33288	0.59262	0.53045	0.487	6.82109	71	1.93	77	0.0	0	0.0	0	0.0	0	0.0	22
1	1	0	349	60	1359.34375	60.398086900000635	60.392969900000026	0.0049986	0.005117	0	-0.234752	0.14784	0.11942	0.43487	8.27945	71	2.86	77	0.33288	0.59262	0.53045	0.487	6.82109	71	1.93	77	0.0	0	0.0	0	0.0	0	0.0	22
1	1	0	350	60	1359.36023	60.413047899997764	60.4095247999976	0.0049907	0.0035231	0	-0.234752	0.14784	0.11942	0.43487	8.27945	71	2.86	77	0.33288	0.59262	0.53045	0.487	6.82109	71	1.93	77	0.0	0	0.0	0	0.0	0	0.0	22
1	1	0	351	60	1359.37671	60.43294109999988	60.426005299999815	0.0049286	0.0069358	0	-0.234752	0.14784	0.11942	0.43487	8.27945	71	2.86	77	0.33288	0.59262	0.53045	0.487	6.82109	71	1.93	77	0.0	0	0.0	0	0.0	0	0.0	22
1	1	0	352	60	1359.39307	60.44789120000132	60.44227479999972	0.0048905	0.0056164	0	-0.234752	0.14784	0.11942	0.43487	8.27945	71	2.86	77	0.33288	0.59262	0.53045	0.487	6.82109	71	1.93	77	0.0	0	0.0	0	0.0	0	0.0	22
1	1	0	353	60	1359.40967	60.462888199999725	60.45894060000137	0.005039	0.0039476	0	-0.234752	0.14784	0.11942	0.43487	8.27945	71	2.86	77	0.33288	0.59262	0.53045	0.487	6.82109	71	1.93	77	0.0	0	0.0	0	0.0	0	0.0	22
1	1	0	354	60	1359.42603	60.47784949999914	60.47528779999993	0.0049838	0.0025617	0	-0.234752	0.14784	0.11942	0.43487	8.27945	71	2.86	77	0.33288	0.59262	0.53045	0.487	6.82109	71	1.93	77	0.0	0	0.0	0	0.0	0	0.0	22
1	1	0	355	60	1359.44238	60.49878099999842	60.491706599998	0.0049331	0.0070744	0	-0.234752	0.14784	0.11942	0.43487	8.27945	71	2.86	77	0.33288	0.59262	0.53045	0.487	6.82109	71	1.93	77	0.0	0	0.0	0	0.0	0	0.0	22
1	1	0	356	60	1359.45886	60.50987420000092	60.508139099998516	0.0061013	0.0017351	0	-0.234752	0.14784	0.11942	0.43487	8.27945	71	2.86	77	0.33288	0.59262	0.53045	0.487	6.82109	71	1.93	77	0.0	0	0.0	0	0.0	0	0.0	22
1	1	0	357	60	1359.47522	60.529683199998544	60.52447309999843	0.0049589	0.0052101	0	-0.234752	0.14784	0.11942	0.43487	8.27945	71	2.86	77	0.33288	0.59262	0.53045	0.487	6.82109	71	1.93	77	0.0	0	0.0	0	0.0	0	0.0	22
1	1	0	358	60	1359.49158	60.54470299999957	60.54086780000216	0.005014	0.0038352	0	-0.234752	0.14784	0.11942	0.43487	8.27945	71	2.86	77	0.33288	0.59262	0.53045	0.487	6.82109	71	1.93	77	0.0	0	0.0	0	0.0	0	0.0	22
1	1	0	359	60	1359.50818	60.564675599998736	60.55747049999627	0.0049471	0.0072051	0	-0.234752	0.14784	0.11942	0.43487	8.27945	71	2.86	77	0.33288	0.59262	0.53045	0.487	6.82109	71	1.93	77	0.0	0	0.0	0	0.0	0	0.0	22
1	1	0	360	60	1359.52454	60.579589199998736	60.57379469999796	0.0049156	0.0057945	0	-0.234752	0.14784	0.11942	0.43487	8.27945	71	2.86	77	0.33288	0.59262	0.53045	0.487	6.82109	71	1.93	77	0.0	0	0.0	0	0.0	0	0.0	22
1	1	0	361	60	1359.54102	60.59451089999857	60.590266399998654	0.0049217	0.0042445	0	-0.234752	0.14784	0.11942	0.43487	8.27945	71	2.86	77	0.33288	0.59262	0.53045	0.487	6.82109	71	1.93	77	0.0	0	0.0	0	0.0	0	0.0	22
1	1	0	362	60	1359.5575	60.61450089999926	60.60674289999952	0.0049525	0.007758	0	-0.234752	0.14784	0.11942	0.43487	8.27945	71	2.86	77	0.33288	0.59262	0.53045	0.487	6.82109	71	1.93	77	0.0	0	0.0	0	0.0	0	0.0	22
1	1	0	363	60	1359.57373	60.629455599999346	60.62299310000162	0.005036	0.0064625	0	-0.234752	0.14784	0.11942	0.43487	8.27945	71	2.86	77	0.33288	0.59262	0.53045	0.487	6.82109	71	1.93	77	0.0	0	0.0	0	0.0	0	0.0	22
1	1	0	364	60	1359.59033	60.644428499999776	60.63954979999835	0.0050379	0.0048787	0	-0.234752	0.14784	0.11942	0.43487	8.27945	71	2.86	77	0.33288	0.59262	0.53045	0.487	6.82109	71	1.93	77	0.0	0	0.0	0	0.0	0	0.0	22
1	1	0	365	60	1359.60669	60.659388500000205	60.65597140000318	0.0050199	0.0034171	0	-0.234752	0.14784	0.11942	0.43487	8.27945	71	2.86	77	0.33288	0.59262	0.53045	0.487	6.82109	71	1.93	77	0.0	0	0.0	0	0.0	0	0.0	22
1	1	0	366	60	1359.62317	60.67526480000015	60.6724017000015	0.0049077002	0.0028631	0	-0.234752	0.14784	0.11942	0.43487	8.27945	71	2.86	77	0.33288	0.59262	0.53045	0.487	6.82109	71	1.93	77	0.0	0	0.0	0	0.0	0	0.0	22
1	1	0	367	60	1359.63953	60.69524389999788	60.6887977999977	0.0050059	0.0064461	0	-0.234752	0.14784	0.11942	0.43487	8.27945	71	2.86	77	0.33288	0.59262	0.53045	0.487	6.82109	71	1.93	77	0.0	0	0.0	0	0.0	0	0.0	22
1	1	0	368	60	1359.65588	60.71020700000008	60.705196000002616	0.0046947	0.005011	0	-0.234752	0.14784	0.11942	0.43487	8.27945	71	2.86	77	0.33288	0.59262	0.53045	0.487	6.82109	71	1.93	77	0.0	0	0.0	0	0.0	0	0.0	22
1	1	0	369	60	1359.67236	60.72551630000089	60.72165630000018	0.00535	0.00386	0	-0.234752	0.14784	0.11942	0.43487	8.27945	71	2.86	77	0.33288	0.59262	0.53045	0.487	6.82109	71	1.93	77	0.0	0	0.0	0	0.0	0	0.0	22
1	1	0	370	60	1359.68884	60.74515849999807	60.738088800000696	0.0049993	0.0070697	0	-0.234752	0.14784	0.11942	0.43487	8.27945	71	2.86	77	0.33288	0.59262	0.53045	0.487	6.82109	71	1.93	77	0.0	0	0.0	0	0.0	0	0.0	22
1	1	0	371	60	1359.7052	60.76010859999951	60.75451880000037	0.00504	0.0055898	0	-0.234752	0.14784	0.11942	0.43487	8.27945	71	2.86	77	0.33288	0.59262	0.53045	0.487	6.82109	71	1.93	77	0.0	0	0.0	0	0.0	0	0.0	22
1	1	0	372	60	1359.72168	60.7750535999985	60.77100040000005	0.0049767	0.0040532	0	-0.234752	0.14784	0.11942	0.43487	8.27945	71	2.86	77	0.33288	0.59262	0.53045	0.487	6.82109	71	1.93	77	0.0	0	0.0	0	0.0	0	0.0	22
1	1	0	373	60	1359.73816	60.7900770999986	60.78740399999515	0.0050246	0.0026731	0	-0.234752	0.14784	0.11942	0.43487	8.27945	71	2.86	77	0.33288	0.59262	0.53045	0.487	6.82109	71	1.93	77	0.0	0	0.0	0	0.0	0	0.0	22
1	1	0	374	60	1359.75452	60.80999099999826	60.80383889999939	0.0050023	0.0061521	0	-0.234752	0.14784	0.11942	0.43487	8.27945	71	2.86	77	0.33288	0.59262	0.53045	0.487	6.82109	71	1.93	77	0.0	0	0.0	0	0.0	0	0.0	22
1	1	0	375	60	1359.771	60.82492509999793	60.82025739999881	0.0050228	0.0046677	0	-0.234752	0.14784	0.11942	0.43487	8.27945	71	2.86	77	0.33288	0.59262	0.53045	0.487	6.82109	71	1.93	77	0.0	0	0.0	0	0.0	0	0.0	22
1	1	0	376	60	1359.78748	60.84485289999793	60.836684400001104	0.0049488	0.0081685	0	-0.234752	0.14784	0.11942	0.43487	8.27945	71	2.86	77	0.33288	0.59262	0.53045	0.487	6.82109	71	1.93	77	0.0	0	0.0	0	0.0	0	0.0	22
1	1	0	377	60	1359.80383	60.859788699999626	60.85309529999722	0.0049746	0.0066934	0	-0.234752	0.14784	0.11942	0.43487	8.27945	71	2.86	77	0.33288	0.59262	0.53045	0.487	6.82109	71	1.93	77	0.0	0	0.0	0	0.0	0	0.0	22
1	1	0	378	60	1359.82031	60.87479529999837	60.86954749999859	0.0045775	0.0052478	0	-0.234752	0.14784	0.11942	0.43487	8.27945	71	2.86	77	0.33288	0.59262	0.53045	0.487	6.82109	71	1.93	77	0.0	0	0.0	0	0.0	0	0.0	22
1	1	0	379	60	1359.83667	60.889793700000155	60.88592399999834	0.0050233	0.0038697	0	-0.234752	0.14784	0.11942	0.43487	8.27945	71	2.86	77	0.33288	0.59262	0.53045	0.487	6.82109	71	1.93	77	0.0	0	0.0	0	0.0	0	0.0	22
1	1	0	380	60	1359.85315	60.90967570000066	60.90238650000174	0.004884	0.0072892	0	-0.234752	0.14784	0.11942	0.43487	8.27945	71	2.86	77	0.33288	0.59262	0.53045	0.487	6.82109	71	1.93	77	0.0	0	0.0	0	0.0	0	0.0	22
1	1	0	381	60	1359.86951	60.92466390000118	60.91878999999972	0.0049819	0.0058739	0	-0.234752	0.14784	0.11942	0.43487	8.27945	71	2.86	77	0.33288	0.59262	0.53045	0.487	6.82109	71	1.93	77	0.0	0	0.0	0	0.0	0	0.0	22
1	1	0	382	60	1359.88599	60.939638699997886	60.93524479999542	0.0049995	0.0043939	0	-0.234752	0.14784	0.11942	0.43487	8.27945	71	2.86	77	0.33288	0.59262	0.53045	0.487	6.82109	71	1.93	77	0.0	0	0.0	0	0.0	0	0.0	22
1	1	0	383	60	1359.90234	60.9555775000008	60.95158250000168	0.0059793	0.003995	0	-0.234752	0.14784	0.11942	0.43487	8.27945	71	2.86	77	0.33288	0.59262	0.53045	0.487	6.82109	71	1.93	77	0.0	0	0.0	0	0.0	0	0.0	22
1	1	0	384	60	1359.91882	60.975786700000754	60.968124300001364	0.0052021	0.0076624	0	-0.234752	0.14784	0.11942	0.43487	8.27945	71	2.86	77	0.33288	0.59262	0.53045	0.487	6.82109	71	1.93	77	0.0	0	0.0	0	0.0	0	0.0	22
1	1	0	385	60	1359.93518	60.991508399998565	60.984505299999	0.0050128	0.0070031	0	-0.234752	0.14784	0.11942	0.43487	8.27945	71	2.86	77	0.33288	0.59262	0.53045	0.487	6.82109	71	1.93	77	0.0	0	0.0	0	0.0	0	0.0	22
1	1	0	386	60	1359.95166	61.006424100000004	61.000910900002054	0.0050114	0.0055132	0	-0.234752	0.14784	0.11942	0.43487	8.27945	71	2.86	77	0.33288	0.59262	0.53045	0.487	6.82109	71	1.93	77	0.0	0	0.0	0	0.0	0	0.0	22
1	1	0	387	60	1359.96814	61.02236500000072	61.01741000000038	0.0059841	0.004955	0	-0.234752	0.14784	0.11942	0.43487	8.27945	71	2.86	77	0.33288	0.59262	0.53045	0.487	6.82109	71	1.93	77	0.0	0	0.0	0	0.0	0	0.0	22
1	1	0	388	60	1359.98462	61.037357000001066	61.03384670000378	0.0050202	0.0035103	0	-0.234752	0.14784	0.11942	0.43487	8.27945	71	2.86	77	0.33288	0.59262	0.53045	0.487	6.82109	71	1.93	77	0.0	0	0.0	0	0.0	0	0.0	22
1	1	0	389	60	1360.00098	61.05238760000066	61.05020869999862	0.0050455	0.0021789	0	-0.234752	0.14784	0.11942	0.43487	8.27945	71	2.86	77	0.33288	0.59262	0.53045	0.487	6.82109	71	1.93	77	0.0	0	0.0	0	0.0	0	0.0	22
1	1	0	390	60	1360.01746	61.07229799999914	61.06667259999813	0.005009	0.0056254	0	-0.234752	0.14784	0.11942	0.43487	8.27945	71	2.86	77	0.33288	0.59262	0.53045	0.487	6.82109	71	1.93	77	0.0	0	0.0	0	0.0	0	0.0	22
1	1	0	391	60	1360.03394	61.088191599999845	61.08315109999967	0.0059835	0.0050405	0	-0.234752	0.14784	0.11942	0.43487	8.27945	71	2.86	77	0.33288	0.59262	0.53045	0.487	6.82109	71	1.93	77	0.0	0	0.0	0	0.0	0	0.0	22
1	1	0	392	60	1360.05029	61.103150499999174	61.09954920000018	0.0049842	0.0036013	0	-0.234752	0.14784	0.11942	0.43487	8.27945	71	2.86	77	0.33288	0.59262	0.53045	0.487	6.82109	71	1.93	77	0.0	0	0.0	0	0.0	0	0.0	22
1	1	0	393	60	1360.06677	61.11814819999927	61.11599149999893	0.0049985	0.0021567	0	-0.234752	0.14784	0.11942	0.43487	8.27945	71	2.86	77	0.33288	0.59262	0.53045	0.487	6.82109	71	1.93	77	0.0	0	0.0	0	0.0	0	0.0	22
1	1	0	394	60	1360.08313	61.13811169999826	61.13238499999716	0.005011	0.0057267	0	-0.234752	0.14784	0.11942	0.43487	8.27945	71	2.86	77	0.33288	0.59262	0.53045	0.487	6.82109	71	1.93	77	0.0	0	0.0	0	0.0	0	0.0	22
1	1	0	395	60	1360.09961	61.15404090000084	61.14883610000106	0.0059779	0.0052048	0	-0.234752	0.14784	0.11942	0.43487	8.27945	71	2.86	77	0.33288	0.59262	0.53045	0.487	6.82109	71	1.93	77	0.0	0	0.0	0	0.0	0	0.0	22
1	1	0	396	60	1360.11584	61.16901280000093	61.16513750000013	0.0050028	0.0038753	0	-0.234752	0.14784	0.11942	0.43487	8.27945	71	2.86	77	0.33288	0.59262	0.53045	0.487	6.82109	71	1.93	77	0.0	0	0.0	0	0.0	0	0.0	22
1	1	0	397	60	1360.13232	61.18403390000094	61.181638199999725	0.0050489	0.0023957	0	-0.234752	0.14784	0.11942	0.43487	8.27945	71	2.86	77	0.33288	0.59262	0.53045	0.487	6.82109	71	1.93	77	0.0	0	0.0	0	0.0	0	0.0	22
1	1	0	398	60	1360.1488	61.20491060000131	61.19811980000304	0.0049836	0.0067908	0	-0.234752	0.14784	0.11942	0.43487	8.27945	71	2.86	77	0.33288	0.59262	0.53045	0.487	6.82109	71	1.93	77	0.0	0	0.0	0	0.0	0	0.0	22
1	1	0	399	60	1360.16516	61.21989889999895	61.2144696999967	0.004992	0.0054292	0	-0.234752	0.14784	0.11942	0.43487	8.27945	71	2.86	77	0.33288	0.59262	0.53045	0.487	6.82109	71	1.93	77	0.0	0	0.0	0	0.0	0	0.0	22
1	1	0	400	60	1360.18164	61.234801899998274	61.230903199997556	0.0049515	0.0038987	0	-0.234752	0.14784	0.11942	0.43487	8.27945	71	2.86	77	0.33288	0.59262	0.53045	0.487	6.82109	71	1.93	77	0.0	0	0.0	0	0.0	0	0.0	22
1	1	0	401	60	1360.19812	61.25478170000133	61.247351300000446	0.0048949	0.0074304	0	-0.234752	0.14784	0.11942	0.43487	8.27945	71	2.86	77	0.33288	0.59262	0.53045	0.487	6.82109	71	1.93	77	0.0	0	0.0	0	0.0	0	0.0	22
1	1	0	402	60	1360.21448	61.2707405000001	61.26376439999876	0.0049964	0.0069761	0	-0.234752	0.14784	0.11942	0.43487	8.27945	71	2.86	77	0.33288	0.59262	0.53045	0.487	6.82109	71	1.93	77	0.0	0	0.0	0	0.0	0	0.0	22
1	1	0	403	60	1360.23096	61.28665980000005	61.28017689999979	0.0049566	0.0064829	0	-0.234752	0.14784	0.11942	0.43487	8.27945	71	2.86	77	0.33288	0.59262	0.53045	0.487	6.82109	71	1.93	77	0.0	0	0.0	0	0.0	0	0.0	22
1	1	0	404	60	1360.24731	61.3016346000004	61.29661450000276	0.0049946	0.0050201	0	-0.234752	0.14784	0.11942	0.43487	8.27945	71	2.86	77	0.33288	0.59262	0.53045	0.487	6.82109	71	1.93	77	0.0	0	0.0	0	0.0	0	0.0	22
1	1	0	405	60	1360.26392	61.32161629999973	61.3131504999983	0.0049888	0.0084658	0	0.714256	-0.16292	0.19309	0.50263	10.57944	71	3.07	77	0.672576	-0.15148	0.59506	0.60461	10.62385	71	2.91	77	0.0	0	0.0	0	0.0	0	0.0	0
1	1	0	406	60	1360.28015	61.336543900000834	61.32946159999847	0.004965	0.0070823	0	0.767008	-0.20486	0.19321	0.50204	10.11855	71	3.18	77	0.64256	-0.21628	0.59557	0.60385	10.73667	71	3.1	77	0.0	0	0.0	0	0.0	0	0.0	0
1	1	0	407	60	1360.29663	61.35151749999932	61.34594870000001	0.0049528	0.0055688	0	0.760848	-0.20992	0.19315	0.50189	10.03363	71	3.18	77	0.635392	-0.22118	0.59539	0.6045	10.78273	71	3.26	77	0.0	0	0.0	0	0.0	0	0.0	0
1	1	0	408	60	1360.31299	61.37152259999857	61.362304099999164	0.0050448	0.0092185	0	0.702608	-0.17908	0.19226	0.50274	10.54138	71	2.89	77	0.656272	-0.15928	0.59463	0.60332	10.66745	71	3.11	77	0.0	0	0.0	0	0.0	0	0.0	0
1	1	0	413	60	1360.32947	61.38642909999908	61.378790599999775	0.004954	0.0076385	0	0.662592	-0.19922	0.19144	0.50162	10.65416	71	2.79	77	0.676784	-0.15578	0.59394	0.60197	10.78546	71	3.19	77	0.0	0	0.0	0	0.0	0	0.0	0
1	1	0	414	60	1360.34595	61.401367800001026	61.39523560000089	0.0049261	0.0061322	0	0.652768	-0.20893	0.19122	0.50199	10.85687	71	2.76	77	0.655088	-0.17171	0.59339	0.60214	11.23405	71	3.1	77	0.0	0	0.0	0	0.0	0	0.0	0
1	1	0	415	60	1360.36243	61.4163621000007	61.411686100000225	0.0050396	0.004676	0	0.721056	-0.18954	0.18784	0.50288	10.57566	71	2.83	77	0.670912	-0.18119	0.59089	0.59994	10.77562	71	3.0	77	0.0	0	0.0	0	0.0	0	0.0	0
1	1	0	416	60	1360.37878	61.43725429999904	61.428095200000826	0.0049477	0.0091591	0	0.457392	-0.26243	0.18034	0.50374	8.211	71	2.99	77	0.434512	-0.2576	0.58411	0.59992	9.89583	71	2.86	77	0.0	0	0.0	0	0.0	0	0.0	0
1	1	0	417	60	1360.39539	61.45221500000116	61.44459590000042	0.0049255	0.0076191	0	0.451104	-0.27108	0.17994	0.50538	10.10588	71	2.4	77	0.424432	-0.26671	0.58388	0.6001	11.08114	71	2.64	77	0.0	0	0.0	0	0.0	0	0.0	0
1	1	0	418	60	1360.41162	61.46724090000134	61.46090159999949	0.0049958	0.0063393	0	-0.101504	-0.21872	0.16054	0.50927	9.29126	71	3.02	77	-0.192688	-0.24426	0.56325	0.595	8.43142	71	1.93	77	0.0	0	0.0	0	0.0	0	0.0	0
1	1	0	419	60	1360.42822	61.48217400000067	61.47746240000197	0.0049849	0.0047116	0	-0.349808	-0.18585	0.15173	0.50932	9.33094	71	2.8	77	-0.400208	-0.25926	0.55394	0.59264	8.05593	71	2.61	77	0.0	0	0.0	0	0.0	0	0.0	0
1	1	0	420	60	1360.44458	61.497147199999745	61.49381390000053	0.0050311	0.0033333	0	-0.349808	-0.18585	0.15076	0.50921	9.78854	71	2.86	77	-0.400208	-0.25926	0.55394	0.59264	8.05593	71	2.61	77	0.0	0	0.0	0	0.0	0	0.0	2
1	1	0	421	60	1360.46094	61.51707890000034	61.510169100001804	0.004957	0.0069098	0	-0.49136	-0.19735	0.13965	0.51265	8.6637	71	2.86	77	-0.400208	-0.25926	0.55394	0.59264	8.05593	71	2.61	77	0.0	0	0.0	0	0.0	0	0.0	2
1	1	0	422	60	1360.47742	61.53202379999857	61.5267414000009	0.0049586	0.0052824	0	-0.430832	-0.22577	0.13446	0.51394	8.69882	71	2.95	77	-0.400208	-0.25926	0.55394	0.59264	8.05593	71	2.61	77	0.0	0	0.0	0	0.0	0	0.0	2
1	1	0	423	60	1360.49377	61.54699830000027	61.543073699998786	0.0050283	0.0039246	0	-0.430832	-0.22577	0.13282	0.51425	8.9367	71	3.17	77	-0.400208	-0.25926	0.55394	0.59264	8.05593	71	2.61	77	0.0	0	0.0	0	0.0	0	0.0	2
1	1	0	424	60	1360.51013	61.56195790000129	61.55941869999879	0.0049767	0.0025392	0	-0.409904	-0.28523	0.1214	0.51804	9.60183	71	2.72	77	-0.400208	-0.25926	0.55394	0.59264	8.05593	71	2.61	77	0.0	0	0.0	0	0.0	0	0.0	2
1	1	0	425	60	1360.52661	61.58290560000023	61.575919100003375	0.0050185	0.0069864998	0	-0.450544	-0.28237	0.11587	0.5204	8.85597	71	2.88	77	-0.400208	-0.25926	0.55394	0.59264	8.05593	71	2.61	77	0.0	0	0.0	0	0.0	0	0.0	2
1	1	0	426	60	1360.54309	61.597852999999304	61.592405499999586	0.0049952	0.0054475	0	-0.456256	-0.27851	0.11517	0.52097	9.54978	71	2.91	77	-0.400208	-0.25926	0.55394	0.59264	8.05593	71	2.61	77	0.0	0	0.0	0	0.0	0	0.0	2
1	1	0	427	60	1360.55957	61.61288169999898	61.60884090000036	0.0050793	0.0040408	0	-0.474032	-0.21206	0.10273	0.52641	11.19187	71	2.6	77	-0.400208	-0.25926	0.55394	0.59264	8.05593	71	2.61	77	0.0	0	0.0	0	0.0	0	0.0	2
1	1	0	428	60	1360.57593	61.63375819999783	61.625180799997906	0.0049993	0.0085774	0	-0.421184	-0.2896	0.09747	0.52896	10.64433	71	2.85	77	-0.400208	-0.25926	0.55394	0.59264	8.05593	71	2.61	77	0.0	0	0.0	0	0.0	0	0.0	2
1	1	0	433	60	1360.59229	61.64869099999851	61.64157789999808	0.0048341	0.0071131	0	-0.432688	-0.28158	0.09687	0.52787	9.61486	71	2.96	77	-0.400208	-0.25926	0.55394	0.59264	8.05593	71	2.61	77	0.0	0	0.0	0	0.0	0	0.0	2
1	1	0	434	60	1360.60889	61.6656894000007	61.658181499999046	0.0050096	0.0075079	0	-0.530576	-0.20734	0.08401	0.53336	10.90057	71	2.84	77	-0.553232	-0.1767	0.49437	0.56982	9.93303	71	2.62	77	0.0	0	0.0	0	0.0	0	0.0	0
1	1	0	435	60	1360.62524	61.68066479999834	61.674570199997106	0.0050163	0.0060946	0	-0.694144	-0.22445	0.07752	0.5359	10.63165	71	3.26	77	-0.665312	-0.19756	0.48705	0.56796	9.19796	71	2.97	77	0.0	0	0.0	0	0.0	0	0.0	0
1	1	0	436	60	1360.6416	61.69563600000038	61.69091110000227	0.0050685	0.0047249	0	-0.711008	-0.2152	0.07673	0.53505	10.38213	71	3.01	77	-0.677936	-0.18633	0.48356	0.563	8.19698	71	2.25	77	0.0	0	0.0	0	0.0	0	0.0	0
1	1	0	437	60	1360.6582	61.71559069999785	61.707443799998146	0.0050037	0.0081469	0	-0.722208	-0.18031	0.06823	0.5394	11.41199	71	3.03	77	-0.678976	-0.13135	0.47799	0.56255	9.75853	71	2.78	77	0.0	0	0.0	0	0.0	0	0.0	0
1	1	0	438	60	1360.67456	61.730505899999116	61.72377340000094	0.0050015	0.0067325	0	-0.674736	-0.20383	0.06426	0.53987	10.78566	71	3.09	77	-0.666624	-0.13607	0.47397	0.56027	9.23765	71	3.03	77	0.0	0	0.0	0	0.0	0	0.0	0
1	1	0	439	60	1360.69092	61.74546299999929	61.7401727999968	0.0050025	0.0052902	0	-0.674736	-0.20383	0.06259	0.5382	11.12423	71	2.62	77	-0.660592	-0.14209	0.47095	0.55627	8.51568	71	2.32	77	0.0	0	0.0	0	0.0	0	0.0	0
1	1	0	440	60	1360.7074	61.76545659999829	61.756622299999435	0.0049529	0.0088343	0	-0.740992	-0.16348	0.05664	0.54149	11.13364	71	2.87	77	-0.617888	-0.16641	0.46631	0.55779	10.81299	71	2.95	77	0.0	0	0.0	0	0.0	0	0.0	0
1	1	0	441	60	1360.72375	61.780339099997946	61.773048399998515	0.0049428	0.0072907	0	-0.697984	-0.18435	0.05337	0.54094	11.14891	71	2.92	77	-0.685056	-0.13021	0.46325	0.55395	9.8202	71	2.76	77	0.0	0	0.0	0	0.0	0	0.0	0
1	1	0	442	60	1360.74023	61.796306500000355	61.78951320000124	0.0058877	0.0067933	0	-0.681296	-0.19434	0.05185	0.53989	10.8072	71	2.46	77	-0.671936	-0.14305	0.46168	0.55352	10.03671	71	2.96	77	0.0	0	0.0	0	0.0	0	0.0	0
1	1	0	443	60	1360.75659	61.81124719999934	61.805896899997606	0.004962	0.0053503	0	-0.65336	-0.19168	0.04769	0.541	10.63906	71	3.29	77	-0.626256	-0.13024	0.45674	0.5505	10.78815	71	2.8	77	0.0	0	0.0	0	0.0	0	0.0	0
1	1	0	444	60	1360.77307	61.831181300000026	61.822287300001335	0.0049517	0.008894	0	-0.6696	-0.19771	0.04547	0.54238	11.45249	71	2.8	77	-0.627744	-0.13775	0.45405	0.54718	9.84739	71	2.8	77	0.0	0	0.0	0	0.0	0	0.0	0
1	1	0	445	60	1360.78955	61.84620359999826	61.83879270000034	0.0050389	0.0074109	0	-0.6696	-0.19771	0.04552	0.54182	11.00713	71	3.12	77	-0.63384	-0.13129	0.45139	0.54319	8.78457	71	2.27	77	0.0	0	0.0	0	0.0	0	0.0	0
1	1	0	446	60	1360.80591	61.861186300000554	61.855165699998906	0.004977	0.0060206	0	-0.698896	0.02977	0.04079	0.53422	11.15718	71	3.16	77	-0.658576	0.08664	0.4473	0.53706	10.70282	71	3.04	77	0.0	0	0.0	0	0.0	0	0.0	0
1	1	0	447	60	1360.82239	61.87631070000134	61.871641999998246	0.0051222	0.0046687	0	-0.652896	0.00859	0.03904	0.53437	11.47921	71	3.08	77	-0.67232	0.10936	0.44484	0.53375	9.67414	71	3.34	77	0.0	0	0.0	0	0.0	0	0.0	0
1	1	0	448	60	1360.83887	61.897095100001025	61.888100700001814	0.0060401	0.0089944	0	-0.668288	0.02271	0.03892	0.53436	11.64369	71	3.29	77	-0.6848	0.12745	0.44342	0.53231	10.83945	71	3.31	77	0.0	0	0.0	0	0.0	0	0.0	0
1	1	0	449	60	1360.85522	61.91206059999968	61.904481900000974	0.0050252	0.0075787	0	-0.668288	0.02271	0.0328	0.53163	10.67445	71	2.44	77	-0.734176	0.12348	0.43963	0.52815	10.75717	71	3.0	77	0.0	0	0.0	0	0.0	0	0.0	20
1	1	0	450	60	1360.8717	61.92700309999782	61.92096329999549	0.0049993	0.0060398	0	-0.668288	0.02271	0.03059	0.53125	10.61731	71	2.41	77	-0.709184	0.11717	0.43818	0.52722	10.6798	71	3.17	77	0.0	0	0.0	0	0.0	0	0.0	20
1	1	0	451	60	1360.88806	61.94693280000138	61.937372100001085	0.0050115	0.0095607	0	-0.668288	0.02271	0.03059	0.53125	10.61731	71	2.43	77	-0.696224	0.09927	0.43525	0.52298	9.67567	71	2.35	77	0.0	0	0.0	0	0.0	0	0.0	20
1	1	0	452	60	1360.90442	61.961845099998754	61.953739000000496	0.0049833	0.0081061	0	-0.668288	0.02271	0.02687	0.52874	8.73974	71	2.14	77	-0.689296	0.10465	0.43359	0.52145	10.99313	71	3.14	77	0.0	0	0.0	0	0.0	0	0.0	20
1	1	0	453	60	1360.9209	61.976867800000036	61.970182099998055	0.0050498	0.0066857	0	-0.668288	0.02271	0.02687	0.52874	8.73974	71	2.14	77	-0.670784	0.01178	0.43071	0.51773	9.9427	71	3.18	77	0.0	0	0.0	0	0.0	0	0.0	20
1	1	0	458	60	1360.93738	61.991770599997835	61.9866307999946	0.0049815	0.0051398	0	-0.668288	0.02271	0.02687	0.52874	8.73974	71	2.14	77	-0.646528	-0.0188	0.42914	0.51408	9.0819	71	2.32	77	0.0	0	0.0	0	0.0	0	0.0	20
1	1	0	459	60	1360.95386	62.00679619999937	62.00308810000206	0.0049585	0.0037081	0	-0.668288	0.02271	0.02687	0.52874	8.73974	71	2.14	77	-0.617456	-0.01152	0.42803	0.51086	10.40505	71	3.09	77	0.0	0	0.0	0	0.0	0	0.0	20
1	1	0	460	60	1360.97021	62.02670819999912	62.01951569999801	0.004942	0.0071925	0	-0.668288	0.02271	0.02687	0.52874	8.73974	71	2.14	77	-0.58192	-0.04655	0.42644	0.50665	9.86656	71	3.15	77	0.0	0	0.0	0	0.0	0	0.0	20
1	1	0	461	60	1360.98669	62.03670720000082	62.035915899999964	0.0050002	7.913E-4	0	-0.668288	0.02271	0.02687	0.52874	8.73974	71	2.14	77	-0.571552	-0.06043	0.42377	0.50115	8.55107	71	2.3	77	0.0	0	0.0	0	0.0	0	0.0	20
1	1	0	462	60	1361.00305	62.056663899998966	62.05231239999921	0.0049992	0.0043515	0	-0.668288	0.02271	0.02687	0.52874	8.73974	71	2.14	77	-0.659104	0.29913	0.42209	0.48796	9.88958	71	2.31	77	0.0	0	0.0	0	0.0	0	0.0	20
1	1	0	463	60	1361.01953	62.077572499998496	62.068799699998635	0.005975	0.0087728	0	-0.668288	0.02271	0.02687	0.52874	8.73974	71	2.14	77	-0.659104	0.29913	0.42176	0.48676	10.26175	71	2.3	77	0.0	0	0.0	0	0.0	0	0.0	22
1	1	0	464	60	1361.03601	62.09247780000078	62.085299000002124	0.0049409	0.0071788	0	-0.668288	0.02271	0.02687	0.52874	8.73974	71	2.14	77	-0.659104	0.29913	0.4217	0.48622	10.67298	71	2.37	77	0.0	0	0.0	0	0.0	0	0.0	22
1	1	0	465	60	1361.05237	62.10752339999817	62.10167299999739	0.004995	0.0058504	0	-0.668288	0.02271	0.02687	0.52874	8.73974	71	2.14	77	-0.659104	0.29913	0.42168	0.48355	10.0886	71	2.36	77	0.0	0	0.0	0	0.0	0	0.0	22
1	1	0	466	60	1361.06885	62.12247660000139	62.11806530000467	0.0050212	0.0044113	0	-0.668288	0.02271	0.02687	0.52874	8.73974	71	2.14	77	-0.500464	0.78643	0.42174	0.48306	10.6755	71	2.33	77	0.0	0	0.0	0	0.0	0	0.0	20
1	1	0	467	60	1361.08533	62.13742110000021	62.13457550000021	0.004962	0.0028456	0	-0.668288	0.02271	0.02687	0.52874	8.73974	71	2.14	77	-0.5088	0.8186	0.42174	0.48244	10.01935	71	2.32	77	0.0	0	0.0	0	0.0	0	0.0	20
1	1	0	468	60	1361.10168	62.15738689999853	62.1509464999981	0.0049414	0.0064404	0	-0.668288	0.02271	0.02687	0.52874	8.73974	71	2.14	77	-0.534032	0.81581	0.42238	0.48129	9.60822	71	2.3	77	0.0	0	0.0	0	0.0	0	0.0	20
1	1	0	469	60	1361.11804	62.17238169999837	62.16735039999912	0.0050337	0.0050313	0	-0.668288	0.02271	0.02687	0.52874	8.73974	71	2.14	77	-0.58496	0.85106	0.42262	0.48174	9.55799	71	2.35	77	0.0	0	0.0	0	0.0	0	0.0	20
1	1	0	470	60	1361.13452	62.18728919999921	62.18384499999593	0.0049757	0.0034442	0	-0.668288	0.02271	0.02687	0.52874	8.73974	71	2.14	77	-0.605152	0.92053	0.4226	0.48166	9.81927	71	2.31	77	0.0	0	0.0	0	0.0	0	0.0	20
1	1	0	471	60	1361.15088	62.20224320000125	62.20019070000126	0.0050033	0.0020525	0	-0.668288	0.02271	0.02687	0.52874	8.73974	71	2.14	77	-0.532496	0.97712	0.42333	0.48008	7.84523	71	2.06	77	0.0	0	0.0	0	0.0	0	0.0	20
1	1	0	472	60	1361.16724	62.22317370000019	62.21649499999694	0.0050228	0.0066787	0	-0.668288	0.02271	0.02687	0.52874	8.73974	71	2.14	77	-0.62208	0.9823	0.42361	0.47942	8.42749	71	2.03	77	0.0	0	0.0	0	0.0	0	0.0	20
1	1	0	473	60	1361.18384	62.238114299998415	62.23307509999722	0.0049687	0.0050392	0	-0.668288	0.02271	0.02687	0.52874	8.73974	71	2.14	77	-0.632704	1.01986	0.42359	0.47825	7.11139	71	2.13	77	0.0	0	0.0	0	0.0	0	0.0	20
1	1	0	474	60	1361.20032	62.253130000000965	62.24955880000198	0.0050111	0.0035712	0	-0.668288	0.02271	0.02687	0.52874	8.73974	71	2.14	77	-0.570304	1.18051	0.42407	0.47734	7.88502	71	1.97	77	0.0	0	0.0	0	0.0	0	0.0	20
1	1	0	475	60	1361.21655	62.269034199998714	62.26586319999842	0.0049881	0.003171	0	-0.668288	0.02271	0.02687	0.52874	8.73974	71	2.14	77	-0.572816	1.21335	0.42416	0.47558	9.9099	71	2.27	77	0.0	0	0.0	0	0.0	0	0.0	20
1	1	0	476	60	1361.23315	62.288978299999144	62.28240249999726	0.0049839998	0.0065758	0	-0.668288	0.02271	0.02687	0.52874	8.73974	71	2.14	77	-0.572816	1.21335	0.42428	0.4749	9.83354	71	2.24	77	0.0	0	0.0	0	0.0	0	0.0	20
1	1	0	477	60	1361.24951	62.303937900000165	62.298781900000904	0.0049734	0.005156	0	-0.668288	0.02271	0.02687	0.52874	8.73974	71	2.14	77	-0.600256	1.23657	0.42522	0.47599	9.50816	71	2.24	77	0.0	0	0.0	0	0.0	0	0.0	20
1	1	0	478	60	1361.26599	62.31890189999831	62.315279099999316	0.0049808	0.0036228	0	-0.668288	0.02271	0.02687	0.52874	8.73974	71	2.14	77	-0.624912	1.19378	0.42551	0.47579	9.47913	71	2.3	77	0.0	0	0.0	0	0.0	0	0.0	20
1	1	0	479	60	1361.28247	62.333893300001364	62.331696200002625	0.0049639	0.0021971	0	-0.668288	0.02271	0.02687	0.52874	8.73974	71	2.14	77	-0.614592	1.15241	0.42578	0.47518	9.02312	71	2.23	77	0.0	0	0.0	0	0.0	0	0.0	20
1	1	0	484	60	1361.29871	62.35385369999858	62.348025499999494	0.0049549	0.0058282	0	-0.668288	0.02271	0.02687	0.52874	8.73974	71	2.14	77	-0.5764	1.08321	0.42645	0.47436	8.92859	71	2.16	77	0.0	0	0.0	0	0.0	0	0.0	20
1	1	0	485	60	1361.31531	62.36879229999977	62.36454999999842	0.004975	0.0042423	0	-0.668288	0.02271	0.02687	0.52874	8.73974	71	2.14	77	-0.59328	1.04386	0.42649	0.47426	8.84327	71	2.18	77	0.0	0	0.0	0	0.0	0	0.0	20
1	1	0	486	60	1361.33167	62.388761300000624	62.3808824000007	0.0049988	0.0078789	0	-0.668288	0.02271	0.02687	0.52874	8.73974	71	2.14	77	-0.57376	0.96913	0.42646	0.47415	8.70518	71	2.19	77	0.0	0	0.0	0	0.0	0	0.0	20
1	1	0	487	60	1361.34814	62.403684000000794	62.3974358000014	0.0049799	0.0062482	0	-0.668288	0.02271	0.02687	0.52874	8.73974	71	2.14	77	-0.507104	1.02802	0.42716	0.4728	7.92096	71	1.99	77	0.0	0	0.0	0	0.0	0	0.0	20
1	1	0	488	60	1361.3645	62.418631199998345	62.4137559999981	0.0049623	0.0048752	0	-0.668288	0.02271	0.02687	0.52874	8.73974	71	2.14	77	-0.482176	1.00799	0.42725	0.47169	7.47915	71	2.2	77	0.0	0	0.0	0	0.0	0	0.0	20
1	1	0	489	60	1361.38086	62.43362619999971	62.430149200001324	0.0049594	0.003477	0	-0.668288	0.02271	0.02687	0.52874	8.73974	71	2.14	77	-0.482176	1.00799	0.42725	0.47169	7.47915	71	2.2	77	0.0	0	0.0	0	0.0	0	0.0	22
1	1	0	490	60	1361.39734	62.45453300000008	62.44662750000134	0.0049352	0.0079055	0	-0.668288	0.02271	0.02687	0.52874	8.73974	71	2.14	77	-0.482176	1.00799	0.42725	0.47169	7.47915	71	2.2	77	0.0	0	0.0	0	0.0	0	0.0	22
1	1	0	491	60	1361.41382	62.46951859999899	62.46312089999992	0.0049724	0.0063977	0	-0.668288	0.02271	0.02687	0.52874	8.73974	71	2.14	77	-0.482176	1.00799	0.42725	0.47169	7.47915	71	2.2	77	0.0	0	0.0	0	0.0	0	0.0	22
1	1	0	492	60	1361.43018	62.48446530000001	62.479440899998735	0.0049467	0.0050244	0	-0.668288	0.02271	0.02687	0.52874	8.73974	71	2.14	77	-0.482176	1.00799	0.42725	0.47169	7.47915	71	2.2	77	0.0	0	0.0	0	0.0	0	0.0	22
1	1	0	493	60	1361.44666	62.49941739999849	62.495975399997405	0.0049482	0.003442	0	-0.668288	0.02271	0.02687	0.52874	8.73974	71	2.14	77	-0.482176	1.00799	0.42725	0.47169	7.47915	71	2.2	77	0.0	0	0.0	0	0.0	0	0.0	22
1	1	0	494	60	1361.46313	62.5193849999996	62.51238989999911	0.004956	0.0069951	0	-0.668288	0.02271	0.02687	0.52874	8.73974	71	2.14	77	-0.482176	1.00799	0.42725	0.47169	7.47915	71	2.2	77	0.0	0	0.0	0	0.0	0	0.0	22
1	1	0	495	60	1361.47961	62.534337699999014	62.52882569999929	0.0049527	0.005512	0	-0.668288	0.02271	0.02687	0.52874	8.73974	71	2.14	77	-0.482176	1.00799	0.42725	0.47169	7.47915	71	2.2	77	0.0	0	0.0	0	0.0	0	0.0	22
1	1	0	496	60	1361.49597	62.549319099998684	62.5452555999982	0.004977	0.0040635	0	-0.668288	0.02271	0.02687	0.52874	8.73974	71	2.14	77	-0.482176	1.00799	0.42725	0.47169	7.47915	71	2.2	77	0.0	0	0.0	0	0.0	0	0.0	22
1	1	0	497	60	1361.51233	62.56423929999801	62.561614199999894	0.0047038	0.0026251	0	-0.668288	0.02271	0.02687	0.52874	8.73974	71	2.14	77	-0.482176	1.00799	0.42725	0.47169	7.47915	71	2.2	77	0.0	0	0.0	0	0.0	0	0.0	22
1	1	0	498	60	1361.52893	62.584171599999536	62.57813629999873	0.0049083	0.0060353	0	-0.668288	0.02271	0.02687	0.52874	8.73974	71	2.14	77	-0.482176	1.00799	0.42725	0.47169	7.47915	71	2.2	77	0.0	0	0.0	0	0.0	0	0.0	22
1	1	0	499	60	1361.54517	62.599203199999465	62.59448129999873	0.0050532	0.0047219	0	-0.668288	0.02271	0.02687	0.52874	8.73974	71	2.14	77	-0.482176	1.00799	0.42725	0.47169	7.47915	71	2.2	77	0.0	0	0.0	0	0.0	0	0.0	22
1	1	0	500	60	1361.56177	62.61909670000023	62.61101680000138	0.0049338	0.0080799	0	-0.668288	0.02271	0.02687	0.52874	8.73974	71	2.14	77	-0.482176	1.00799	0.42725	0.47169	7.47915	71	2.2	77	0.0	0	0.0	0	0.0	0	0.0	22
1	1	0	501	60	1361.57825	62.63412529999914	62.62747060000038	0.0050573	0.0066547	0	-0.668288	0.02271	0.02687	0.52874	8.73974	71	2.14	77	-0.482176	1.00799	0.42725	0.47169	7.47915	71	2.2	77	0.0	0	0.0	0	0.0	0	0.0	22
1	1	0	502	60	1361.59448	62.65007169999808	62.64378550000038	0.0049256	0.0062862	0	-0.668288	0.02271	0.02687	0.52874	8.73974	71	2.14	77	-0.482176	1.00799	0.42725	0.47169	7.47915	71	2.2	77	0.0	0	0.0	0	0.0	0	0.0	22
1	1	0	503	60	1361.61096	62.669965500001126	62.66024010000183	0.0049466	0.0097254	0	-0.668288	0.02271	0.02687	0.52874	8.73974	71	2.14	77	-0.482176	1.00799	0.42725	0.47169	7.47915	71	2.2	77	0.0	0	0.0	0	0.0	0	0.0	22
1	1	0	504	60	1361.62744	62.684937199999695	62.67670129999897	0.0049781	0.0082359	0	-0.668288	0.02271	0.02687	0.52874	8.73974	71	2.14	77	-0.482176	1.00799	0.42725	0.47169	7.47915	71	2.2	77	0.0	0	0.0	0	0.0	0	0.0	22
